1118 1119
1118 313
1119 430
1119 1392
1119 1984
1119 2337
313 316
313 757
313 394
313 744
313 2640
313 1476
313 335
313 792
313 1114
313 338
313 1278
313 5
313 1083
313 587
313 1143
313 1581
313 1154
313 2835
313 485
313 3410
313 697
313 3215
313 594
313 353
313 2266
313 1717
313 118
313 441
313 3
313 1921
430 527
430 1434
430 1656
430 1932
1392 776
1392 1789
1392 1960
1392 2337
1984 1789
2337 310
2337 21
2337 47
2337 558
2337 479
316 792
316 438
316 134
316 949
316 958
757 706
757 661
757 981
757 1271
757 698
757 1611
757 991
757 46
757 618
757 106
757 1644
757 1038
757 1645
757 993
757 915
757 1423
757 1646
757 519
757 1378
757 75
757 116
757 953
757 1647
394 196
394 1113
394 1690
394 798
744 225
744 1471
744 83
744 1713
744 115
744 788
744 1714
744 856
744 58
744 111
2640 2006
2640 2641
2640 2642
2640 2643
1476 3
1476 1283
1476 1335
1476 1454
1476 1475
1476 1963
1476 1739
1476 2138
1476 2485
1476 2384
1476 2723
1476 2688
1476 2159
1476 892
1476 1928
1476 431
1476 1567
1476 2724
1476 2725
335 1014
335 239
335 27
335 138
335 1496
335 1594
335 804
335 461
335 379
335 2186
335 609
335 2509
335 80
335 281
335 456
335 469
1114 166
1114 269
1114 303
1114 782
1114 544
1114 1109
1114 34
1114 65
1114 997
1114 416
1114 2099
1114 774
1114 595
1114 2536
1114 2584
1114 2592
1114 2612
1114 159
1114 240
1114 1010
1114 2113
1114 2628
1114 687
1114 2833
1114 896
1114 587
1114 2834
1114 1074
1114 2835
1114 2831
1114 2836
1114 978
1114 2837
1114 1341
1114 1503
1114 2339
1114 2838
1114 1099
1114 884
1114 2839
1114 692
1114 2840
1114 563
1114 284
1114 312
1114 780
1114 2841
1114 2842
1114 717
1114 2843
1114 294
1114 613
1114 1642
1114 146
1114 97
1114 7
1114 163
1114 2844
1114 2845
1114 824
1114 2846
338 993
338 1061
338 271
338 2932
338 903
1278 1111
1278 2984
5 1145
5 1108
5 971
5 2776
5 138
5 3004
5 1447
5 364
5 650
5 943
5 1358
1083 58
1083 169
587 3
587 269
587 505
587 971
587 1040
587 2687
587 779
587 687
587 815
587 797
587 1581
587 424
587 788
587 2436
587 379
587 692
587 80
587 1033
587 146
587 461
587 889
587 7
587 824
1143 1125
1143 1142
1143 689
1143 3128
1581 3
1581 1577
1581 3238
1154 1153
1154 1783
1154 1172
1154 1927
1154 1964
1154 2013
1154 88
1154 2778
1154 2061
1154 2627
1154 2145
1154 747
1154 3239
1154 2422
1154 861
1154 334
1154 2246
1154 442
1154 2320
1154 1173
2835 3
2835 97
2835 1064
2835 3266
485 661
485 828
485 1196
485 783
485 671
485 29
485 614
485 470
485 281
485 557
485 558
485 374
485 490
485 466
697 1125
697 1100
697 1660
697 3553
697 938
3215 3214
594 829
353 1447
353 714
353 261
353 2947
353 3719
2266 464
1717 3
1717 933
1717 1669
1717 387
1717 921
118 282
118 669
118 1028
118 1104
118 844
441 747
441 783
441 230
441 1571
441 25
441 574
441 624
3 171
3 1182
3 1334
3 156
3 1429
3 1439
3 495
3 1016
3 1001
3 1738
3 1747
3 90
3 1629
3 183
3 805
3 1940
3 808
3 1989
3 2126
3 2224
3 2229
3 774
3 1720
3 595
3 2316
3 164
3 656
3 584
3 2477
3 1405
3 975
3 1311
3 1846
3 2677
3 2756
3 240
3 2585
3 189
3 758
3 2962
3 885
3 747
3 3021
3 2488
3 126
3 1471
3 3210
3 2333
3 990
3 3304
3 1321
3 1026
3 499
3 1804
3 1065
3 2370
3 1556
3 3629
3 733
3 2372
3 1805
3 2763
3 2994
3 2618
3 2841
3 1732
3 137
3 3817
3 1558
3 2867
3 3837
3 3844
3 1289
3 3852
3 58
3 667
3 3886
3 267
3 202
3 472
3 3827
3 1061
3 2288
3 678
3 3901
3 3468
3 1076
3 824
3 3811
3 746
3 1695
1921 1125
1921 47
1921 74
1120 1121
1120 922
1120 1122
1120 1101
1120 482
1120 1123
1121 492
922 1298
922 1553
922 1682
922 682
922 642
922 747
922 1685
922 812
1122 1519
1122 2745
1101 1155
1101 1590
1101 698
1101 956
1101 2606
1101 246
1101 2593
1101 639
1101 1066
1101 793
1101 281
1101 815
1101 2998
1101 278
1101 37
1101 25
1101 3010
1101 138
1101 215
1101 1012
1101 604
1101 704
1101 293
1101 319
1101 599
1101 377
1101 49
1101 1910
1101 823
1101 349
1101 3011
1101 514
1101 624
1101 219
1101 783
1101 613
1101 851
1101 979
1101 166
482 156
482 1519
482 2034
482 542
482 71
482 1216
482 2803
482 700
482 1907
482 1779
482 1698
482 3437
482 3228
482 3695
482 1123
482 3696
482 3303
482 1075
482 771
482 31
482 1467
482 2401
482 3642
482 740
1123 2894
1123 1129
492 539
492 176
492 1374
492 614
492 966
492 738
492 61
492 2298
492 892
492 995
492 384
492 1071
492 703
492 773
1298 1299
1553 1554
1553 1555
1553 1556
1553 1557
1553 1558
1553 1559
1682 1345
1682 1513
1682 1683
1682 1684
1682 1685
1682 1686
682 194
682 344
682 445
682 2048
682 918
682 2221
682 428
642 1538
642 1086
642 2639
747 1124
747 585
747 1195
747 1240
747 390
747 1111
747 93
747 1067
747 253
747 2084
747 906
747 930
747 322
747 262
747 1454
747 431
747 406
747 3046
747 487
747 3047
747 1986
747 1474
747 1625
747 979
747 831
1685 240
1685 2145
1685 3344
1685 929
1685 58
812 442
812 1530
812 843
812 461
812 1708
812 1709
812 150
812 2688
812 78
812 299
812 379
812 692
812 2304
812 3096
812 3433
2745 1741
2745 2716
1155 1156
1155 1157
1155 1158
1155 1159
1155 640
1155 326
1155 1160
1155 661
1155 1161
1155 52
1590 1513
1590 1591
1590 1592
698 1596
698 1597
956 196
956 483
956 1031
956 514
2606 2607
2606 2608
246 2194
246 2522
246 487
2593 2592
2593 2797
2593 624
639 943
639 193
639 552
639 1075
639 1386
639 1720
639 805
639 1013
639 777
639 89
639 2848
639 426
1066 269
1066 2195
1066 1882
1066 2465
1066 2510
1066 2612
1066 470
1066 1605
1066 1375
1066 1730
1066 2318
1066 2858
1066 2859
1066 1337
1066 1006
1066 2860
1066 847
1066 121
1066 2861
1066 1860
1066 2820
1066 2862
793 1559
793 1567
793 183
793 1953
793 2309
793 2930
793 2444
793 2840
793 201
793 853
793 2931
281 865
281 1414
281 823
281 2354
281 838
815 1380
815 1402
815 885
815 2966
815 2967
2998 138
2998 440
278 166
278 381
278 357
37 783
37 138
37 399
37 507
37 1636
37 366
37 2929
37 2959
37 387
37 3152
37 137
37 624
37 2189
25 989
25 204
25 138
25 643
25 75
25 29
25 1922
25 1971
25 3179
25 409
25 293
25 305
25 2608
25 1732
25 624
25 851
3010 1373
138 907
138 1014
138 382
138 783
138 309
138 204
138 1400
138 1991
138 2059
138 2495
138 1090
138 1899
138 2679
138 2794
138 444
138 2986
138 1644
138 2064
138 3175
138 344
138 2515
138 528
138 2027
138 3326
138 785
138 1726
138 3225
138 1032
138 32
138 823
138 1099
138 223
138 1103
138 692
138 891
138 3327
138 2798
138 514
138 3328
138 497
138 3329
138 624
138 3330
138 146
138 838
138 3331
138 155
138 1809
138 484
138 3332
138 2948
138 831
215 641
215 1104
215 3346
1012 54
604 491
604 973
604 47
604 1871
604 2104
604 252
604 541
704 783
704 29
704 557
293 959
293 1899
293 55
293 3372
319 417
319 513
319 783
319 908
319 610
319 533
319 1893
319 1068
599 1603
599 933
599 536
377 326
377 943
377 972
377 366
377 104
377 3404
377 680
377 924
377 851
1910 1125
1910 515
1910 1925
1910 3582
823 310
823 589
823 2256
823 234
823 2332
823 460
349 522
349 952
3011 461
3011 2958
3011 3754
514 417
514 782
514 939
514 46
514 622
514 198
514 162
624 1138
624 783
624 412
624 467
219 2921
783 1014
783 1111
783 239
783 27
783 29
783 965
783 885
783 557
783 1471
783 888
783 2589
783 379
783 547
783 96
783 80
783 127
783 1082
783 74
783 643
783 789
783 609
783 461
783 97
783 2304
783 1291
783 1496
783 3338
613 979
613 3709
613 903
851 79
851 46
851 1567
851 286
979 506
979 1149
979 326
979 225
979 79
979 1275
979 513
979 915
979 908
979 494
979 1452
979 1929
979 2146
979 2167
979 479
979 2106
979 777
979 2677
979 2574
979 2938
979 1779
979 3128
979 3176
979 1453
979 2935
979 1508
979 3382
979 3143
979 3422
979 149
979 3605
979 3619
979 259
979 136
979 3377
979 2010
979 346
979 3522
979 58
979 294
979 703
979 146
979 2819
979 3900
979 280
979 1695
166 506
166 811
166 1172
166 1428
166 381
166 2309
166 533
166 714
166 227
166 711
166 627
166 357
166 159
166 816
166 126
166 368
166 115
166 761
166 915
166 352
166 843
166 942
166 822
166 692
166 456
166 1284
166 1006
166 558
166 832
166 272
166 3810
166 1287
166 346
166 1289
166 2887
156 506
156 782
156 516
156 1289
156 723
156 976
156 1370
156 725
156 1371
156 1372
156 1373
156 142
156 1374
156 1375
156 1376
156 1377
156 939
156 1378
156 267
156 1379
2034 1596
2034 2035
2034 2036
2034 2037
2034 136
2034 2038
2034 2039
542 1195
542 1052
542 445
542 774
542 1013
542 984
542 447
542 2086
542 2087
71 1262
71 1304
71 1016
71 1977
71 149
71 2334
71 2335
71 1079
71 2336
1216 1044
1216 551
700 509
700 2255
1907 1125
1907 1129
1907 484
1907 2829
1907 276
1779 732
1779 1777
1779 3119
1698 114
1698 116
1698 1696
1698 115
1698 2255
1698 1952
3437 978
3437 3228
3437 3626
3228 310
3303 145
3303 2255
3303 2307
3303 2336
1075 1277
1075 1315
1075 714
1075 2909
1075 107
1075 374
1075 346
1075 840
1075 2255
1075 2868
1075 1025
771 907
771 483
771 2042
31 1148
31 1509
31 683
31 670
31 395
1467 1462
1467 287
2401 402
2401 3881
3642 51
740 1247
740 1741
740 1908
740 434
740 3169
740 3881
740 256
2894 515
1129 1127
1129 1354
1129 1576
1129 1777
1129 1794
1129 1935
1129 2244
1129 2387
1129 2413
1129 303
1129 337
1129 2647
1129 2701
1129 2785
1129 2822
1129 2624
1129 3104
1129 3216
1129 424
1129 2228
1129 3197
1129 3500
1129 451
1129 3585
1129 3123
1129 2951
1129 2958
1129 3586
1129 919
1129 2621
1129 1951
1129 207
1129 3587
1129 3259
1129 3577
1129 3588
1129 2125
1129 1289
1129 3589
1129 3590
1129 11
1129 2234
1129 1526
1129 1141
1129 3591
53 1124
53 1125
53 171
53 1126
53 977
53 114
1124 1347
1124 251
1124 1251
1124 204
1124 1348
1124 1349
1124 1350
1124 1351
1124 1352
1124 746
1125 1189
1125 1078
1125 1840
1125 1904
1125 1094
1125 1251
1125 287
1125 622
1125 1846
1125 1905
1125 397
1125 1219
1125 1906
1125 848
1125 1908
1125 1807
1125 767
1125 225
1125 1375
1125 1589
1125 612
1125 915
1125 1224
1125 515
1125 1095
1125 1909
1125 305
1125 30
1125 1568
1125 1199
1125 1911
1125 1912
1125 1913
1125 1914
1125 1915
1125 1916
1125 1917
1125 1918
1125 1919
1125 1920
1125 1077
171 1439
171 1016
171 1109
171 90
171 725
171 2420
171 2486
171 674
171 975
171 2727
171 716
171 2762
171 225
171 1026
171 822
171 1798
171 2763
171 1409
171 1335
171 351
171 2764
171 52
171 2248
171 712
171 2765
171 2394
171 280
171 1695
1126 3021
1126 3497
1126 977
1126 1669
977 2089
977 486
114 1307
114 1057
114 987
114 500
114 2356
114 1683
114 1884
114 479
114 737
114 1755
114 3344
114 861
114 3741
114 3316
114 461
114 3338
114 3742
1347 2144
1347 414
251 677
251 287
251 1115
251 2268
251 2269
251 63
251 132
251 2270
251 652
251 19
251 131
251 2271
251 1646
251 238
251 412
251 1025
1251 1233
1251 266
1251 287
1251 1925
1251 1668
1251 515
1251 2529
204 1052
204 2914
1348 1618
1348 2915
1348 1460
1350 2941
1350 427
1350 3211
1351 2677
1351 2907
1352 3641
746 0
746 1000
746 895
746 934
746 752
746 734
746 211
746 135
746 1669
746 312
746 1060
746 2104
746 957
1189 1190
1189 0
1189 1191
1078 1138
1078 417
1078 515
1078 1720
1078 1721
1078 1722
1078 1723
1840 1839
1904 1866
1904 1968
1904 283
1094 768
1094 711
1094 110
1094 1665
1094 91
1094 2526
1094 772
1094 295
1094 168
1094 473
1094 356
287 506
287 677
287 21
287 1434
287 1459
287 59
287 2278
287 2574
287 444
287 63
287 132
287 2575
287 2330
287 2382
287 2576
287 784
287 2577
287 276
287 537
287 1727
287 300
287 626
287 2578
287 1569
622 722
622 2026
622 2253
622 20
622 717
622 2033
1846 1149
1846 895
1846 1394
1846 1511
1846 1630
1846 1637
1846 1656
1846 1750
1846 2389
1846 1925
1846 2198
1846 2739
1846 1937
1905 611
397 79
397 1234
397 1945
397 2146
397 444
397 21
397 1511
397 2114
397 2831
397 915
397 515
397 99
397 1936
397 2559
397 1567
397 1240
1219 1195
1219 1197
1219 1044
1219 220
1219 515
1219 1240
1219 1474
1906 515
848 310
848 585
848 981
848 1270
848 989
848 993
848 1396
848 1511
848 1567
848 519
848 1038
848 1656
848 2138
848 2035
848 2707
848 2880
848 409
848 277
848 3082
848 2382
848 2109
848 932
848 3083
848 558
848 374
848 2139
848 2424
848 241
848 835
848 3084
848 369
848 208
848 2327
848 3085
1908 1146
1908 1240
1908 768
1908 516
1908 1283
1908 846
1908 515
1908 1589
1908 1594
1908 2442
1908 3191
1908 2788
1807 1806
1807 1970
1807 3212
767 515
767 3283
225 1182
225 1369
225 464
225 569
225 674
225 893
225 46
225 2114
225 1871
225 3296
225 371
225 3023
225 1937
225 2493
225 841
225 1695
225 196
1375 1261
1375 1311
1375 1795
1375 146
1589 1254
1589 775
1589 726
612 410
612 589
612 123
612 414
612 952
612 88
612 2256
612 2980
612 2924
612 842
612 76
612 666
612 3362
612 708
915 1183
915 1240
915 1049
915 1741
915 515
915 558
915 2634
915 1986
915 300
915 1077
915 1434
915 245
1224 1044
1224 1111
1224 1454
1224 1434
515 1138
515 1184
515 1214
515 1230
515 916
515 859
515 1065
515 1428
515 1439
515 745
515 1676
515 866
515 1962
515 1991
515 2021
515 247
515 1780
515 2516
515 2538
515 837
515 694
515 2801
515 2911
515 106
515 1721
515 2944
515 444
515 3013
515 3111
515 2575
515 355
515 113
515 499
515 1880
515 237
515 1032
515 784
515 3509
515 1095
515 504
515 3515
515 305
515 395
515 942
515 2721
515 343
515 3516
515 3517
515 2010
515 3518
515 3519
515 537
515 75
515 1568
515 1558
515 3520
515 3521
515 2799
515 3522
515 665
515 2378
515 1466
515 412
515 3474
515 3523
515 1541
515 1695
1095 3574
1909 1138
1909 2405
305 585
305 409
305 33
30 181
30 673
1568 745
1568 2004
1199 1194
1199 1271
1199 2040
1199 1276
1199 3146
1199 3135
1199 346
1199 1240
1199 3212
1199 2007
1911 1246
1911 607
1911 1991
1911 2165
1911 1961
1914 1434
1914 1669
1915 179
1917 786
1917 1299
1917 1382
1917 253
1917 106
1917 2854
1917 2662
1917 784
1918 1314
1918 1454
1918 1668
1918 1970
1918 3611
1920 1988
1077 865
1077 1434
1077 942
1077 3281
1077 2819
1016 1045
1016 1651
1016 1010
1016 1652
1016 973
1016 1653
1016 1654
1109 1138
1109 196
1109 971
1109 1659
90 674
90 393
90 1760
90 1761
90 1762
90 294
90 224
725 640
725 275
2420 828
2420 1669
2420 2114
674 1163
674 1164
674 1177
674 1111
674 1529
674 1560
674 1561
674 2485
674 2496
674 2497
674 2498
674 1026
674 237
674 1447
674 1557
674 563
674 2321
674 957
975 1164
975 0
975 1100
975 511
2727 552
2727 1503
2727 1537
2727 2426
2727 2933
716 555
716 3023
2762 516
2762 115
2762 710
2762 3132
1026 0
1026 589
822 486
822 27
822 1304
822 45
822 126
822 3666
822 3667
822 483
1798 100
1798 1796
1798 2239
1798 3658
1798 2025
1798 3648
1798 2845
1409 1178
1409 1236
1409 1403
1409 2067
1335 1334
1335 2185
1335 2633
1335 1521
1335 973
1335 3259
1335 257
1335 3664
1335 2820
1335 3858
351 862
351 869
351 23
351 538
351 342
351 3794
351 3213
351 328
351 67
351 35
2764 943
52 1992
52 2209
52 595
52 2560
52 2408
52 2569
52 3254
52 3009
52 3721
52 1732
52 330
52 3140
52 3882
52 2394
2248 1065
2248 1474
2248 1834
2248 88
2248 2150
2248 3259
2248 1076
712 970
712 269
712 296
712 2813
712 284
2394 0
2394 494
2394 243
2394 2557
280 677
280 1803
280 1102
280 652
1695 1
1695 895
1695 589
1695 1434
1695 1454
1695 1479
1695 905
1695 1739
1695 2746
1695 2718
1695 2747
1695 2754
1695 3811
3021 1490
3021 400
3021 2159
3021 403
3021 3058
1669 1159
1669 1168
1669 1065
1669 334
1669 158
1669 1465
1669 34
1669 2229
1669 2973
1669 2997
1669 885
1669 726
1669 3635
1669 167
1669 3059
1669 3768
1669 3503
1669 3504
1669 3771
1669 1670
1669 3772
1669 3773
1669 1701
1669 3523
1669 3070
2089 1258
2089 1262
2089 1863
2089 2093
2089 668
2089 2690
2089 2677
2089 684
2089 3204
486 1044
486 1097
486 1803
486 1007
486 911
486 821
486 816
486 233
486 755
486 4
486 597
486 1096
486 728
486 55
486 68
486 937
486 818
486 175
1307 1308
1307 1309
1307 1310
1307 308
1307 989
1057 334
1057 644
1057 737
1057 282
1057 1521
1057 1522
1057 1523
987 346
987 58
987 500
987 1871
500 1196
500 507
500 1518
500 643
500 841
500 129
500 2203
500 2204
500 2205
500 717
500 2206
500 2207
500 1970
500 2208
500 2007
2356 1683
1683 1132
1683 381
1683 507
1683 29
1683 275
1683 2324
1683 2358
1683 824
1884 1318
1884 863
1884 2046
1884 1086
479 730
479 0
479 1092
479 1970
479 680
479 2677
479 2678
737 581
737 1299
737 1471
737 194
737 253
737 2833
737 959
737 2307
737 2143
737 2897
737 461
737 1541
737 2898
1755 1754
3344 2693
3344 3374
861 1173
861 687
861 865
861 1090
861 461
861 557
861 299
861 2601
861 2742
861 3262
861 2515
861 3028
861 1082
3741 374
3316 832
3316 3315
3316 1039
461 390
461 513
461 759
461 239
461 1291
461 1337
461 1428
461 904
461 1500
461 1687
461 3202
461 379
461 96
461 609
461 3096
461 2505
461 1076
461 3883
3338 1265
3338 1455
3338 294
1127 1128
1128 1184
1128 2682
1128 2683
1128 2684
1184 1182
1184 1200
1184 1365
1184 1629
1184 1203
1184 279
1184 1780
1184 1781
1184 1299
1184 185
1354 516
1777 1778
1794 310
1794 1795
1935 971
1935 1936
1935 1937
2387 2255
2413 713
2413 2414
303 269
303 1338
303 29
303 971
303 2508
303 134
303 1099
303 1822
303 615
303 2509
337 191
337 1577
337 1801
337 2290
337 877
337 2590
337 887
337 2591
2647 1071
2647 2648
2624 1270
2624 2114
2624 893
2624 2604
2624 2924
2624 2926
3104 516
424 505
424 223
424 692
2228 2225
3197 1582
3197 1931
451 196
451 971
451 296
451 150
451 978
451 785
3123 1513
3123 428
3123 217
3123 2129
3123 3122
3123 3209
2951 1410
2951 2833
2958 1299
2958 959
2958 407
919 310
919 1044
919 751
919 1046
919 344
919 51
919 692
919 1089
919 217
919 197
919 2604
919 809
2621 2091
2621 2620
1951 91
207 428
207 2532
3259 1862
3259 2569
3577 3576
2125 959
2125 2123
1289 1111
1289 1283
1289 253
1289 2667
1289 1969
1289 2889
1289 2076
1289 1898
1289 894
1289 3845
1289 3735
1289 809
3589 3332
3590 3713
11 524
11 369
2234 1266
2234 3665
1526 310
1526 1524
1526 194
1141 1139
1141 516
3591 1494
1130 1131
1130 1132
1133 1134
1134 1426
1426 462
1426 1425
1426 1673
1426 563
1135 1136
1135 310
1135 506
1136 2233
1136 825
310 1268
310 871
310 1308
310 1990
310 1833
310 148
310 907
310 2516
310 1578
310 2671
310 2008
310 2922
310 2061
310 959
310 2989
310 1852
310 1573
310 2133
310 3223
310 992
310 3224
310 3225
310 3226
310 352
310 3227
310 3100
310 3229
310 1070
310 1967
310 3213
310 221
310 3230
310 3231
310 3232
310 3233
310 3234
310 3235
310 3236
310 1027
310 3237
310 2650
506 1269
506 1338
506 141
506 1363
506 1530
506 1195
506 2362
506 2538
506 1697
506 2355
506 885
506 1740
506 3008
506 993
506 1454
506 431
506 3544
506 2932
506 1303
506 0
506 217
506 1500
506 824
506 3545
2233 0
825 661
825 1230
825 21
825 240
825 1369
825 318
825 494
825 1494
825 1511
825 346
825 1626
825 151
825 1806
825 2098
825 906
825 2690
825 2597
825 2751
825 2893
825 87
825 1741
825 2924
825 2754
825 3256
825 446
825 214
825 873
825 3821
825 3822
825 3493
825 165
871 776
871 158
871 1461
1308 1283
1833 846
1833 1425
1833 1641
1833 1832
1833 2030
1833 2031
1833 2032
1833 2033
148 1071
148 1070
148 1027
907 402
907 661
907 1192
907 2259
907 532
907 2282
907 2283
907 547
907 1229
907 1062
907 2284
907 1813
2516 2408
1578 1447
1578 1577
1578 2520
1578 1938
2008 1319
2061 134
2061 239
2061 1388
2061 381
2061 959
2061 2059
2061 173
2061 2936
2061 2440
959 326
959 585
959 732
959 1500
959 253
959 194
959 102
959 1876
959 261
959 1805
959 181
959 541
1852 935
1852 1803
1573 194
1573 3349
2133 1265
2133 1067
2133 3421
3223 284
992 726
992 242
3224 3468
3226 2418
3226 3493
352 843
352 1085
352 3539
3100 1254
3100 1836
3100 2480
1070 405
1070 971
1070 271
1070 2456
1070 1027
1967 1185
1967 1428
1967 1964
3213 661
3213 1169
3213 1447
221 943
221 516
221 86
221 1575
221 302
221 39
3230 768
3230 1474
3230 1500
3230 1678
3230 2163
3230 2326
3230 252
3232 295
3233 3126
3234 3861
3235 283
3235 2569
3235 3570
3235 3721
3237 2452
2650 2384
1269 1270
1338 1148
1338 359
1338 399
1338 1453
1338 1454
1338 1341
1338 1455
1338 1456
1338 442
1338 163
141 1052
141 1470
141 1471
141 1100
1363 1362
1363 381
1363 1623
1530 1529
1530 885
1530 1085
1530 1712
1195 1194
1195 1872
1195 1873
1195 816
1195 1874
1195 981
1195 1222
1195 1875
1195 1876
1195 1877
1195 1878
1697 516
1697 1394
1697 381
1697 1696
1697 252
1697 717
2355 1454
2355 131
2355 2076
2355 752
885 1144
885 759
885 404
885 1292
885 381
885 1629
885 1642
885 1028
885 2099
885 2526
885 3008
885 3009
885 603
1740 981
1740 1428
1740 1474
1740 346
1740 1738
1740 777
1740 2574
1740 2634
3008 1425
993 326
993 539
993 868
993 376
993 65
993 614
993 2060
993 2696
993 13
993 444
993 3124
993 445
993 1781
993 3277
993 1566
993 1107
993 277
993 33
993 951
993 862
993 2866
993 3287
993 57
993 1103
993 994
993 849
993 10
993 401
993 573
993 1633
993 1058
993 75
993 328
993 127
993 566
993 835
993 169
993 3288
993 15
993 838
993 913
993 3289
1454 1231
1454 1255
1454 1764
1454 1783
1454 1923
1454 2040
1454 109
1454 928
1454 2613
1454 618
1454 3090
1454 3111
1454 3389
1454 680
1454 1653
1454 99
1454 3390
1454 3391
1454 3392
1454 3393
1454 3358
1454 58
1454 388
1454 3394
431 1222
431 404
431 1065
431 318
431 159
431 1560
431 2041
431 3222
431 2900
3544 537
1303 981
1303 786
1303 1301
1303 1735
1303 14
1303 411
0 376
0 161
0 1515
0 2047
0 1276
0 569
0 2479
0 108
0 2758
0 1893
0 2753
0 1898
0 2930
0 2333
0 115
0 3267
0 1299
0 1731
0 3454
0 298
0 3530
0 3564
0 3541
0 1748
0 3606
0 473
0 3701
0 3517
0 487
0 2994
0 2374
0 3732
0 3076
0 3406
0 3733
0 3269
0 1456
0 144
0 3734
0 3401
0 3735
0 3648
0 2957
0 3064
0 1709
0 920
0 1293
0 719
0 3736
0 2405
0 3737
217 402
217 1009
217 1045
217 908
217 1447
217 1592
217 416
217 595
217 2041
217 126
217 3117
217 2515
217 2152
217 2577
217 2129
217 440
217 3001
217 3811
217 809
217 2354
1500 1137
1500 1270
1500 1277
1500 989
1500 77
1500 1425
1500 1498
1500 1629
1500 1534
1500 2014
1500 2832
1500 896
1500 471
1500 2156
1500 1025
1500 2845
1500 3253
824 417
824 732
824 229
824 1343
824 381
824 1038
824 788
824 1721
824 1831
824 1893
824 146
824 2067
824 946
824 113
824 924
824 2859
824 733
824 3517
824 62
824 534
3545 1323
811 1137
811 1138
1137 2290
1137 888
1137 601
1137 563
1138 2029
1138 2391
1138 702
1138 189
1138 2265
1138 3248
1138 3249
1138 3250
1138 341
1138 1679
1138 2361
1138 829
1138 516
2290 1244
2290 191
2290 1417
2290 2046
2290 2409
2290 3118
2290 3037
888 557
888 3148
888 3105
888 3474
601 879
563 1358
563 1384
563 1515
563 135
563 1677
563 2504
563 3284
563 3297
563 3019
563 3527
563 350
563 3406
563 3044
2029 627
702 116
702 1735
189 267
189 150
189 2874
2265 1045
2265 464
3250 3657
341 942
341 1058
341 1924
1679 513
2361 656
2361 126
2361 2913
829 75
829 121
516 269
516 1715
516 416
516 2128
516 78
516 2916
516 2537
516 70
516 3759
516 284
516 989
516 1474
1172 1170
1172 1394
1172 806
1172 240
1428 1279
1428 1427
1428 866
1428 2005
1428 507
1428 2006
1428 2007
381 661
381 828
381 641
381 1043
381 1218
381 1223
381 789
381 1045
381 1414
381 442
381 1477
381 948
381 1638
381 1028
381 45
381 220
381 906
381 1030
381 1093
381 2186
381 1609
381 1532
381 2187
381 62
381 201
381 780
381 2188
381 209
381 497
381 1665
381 2189
381 1670
381 2190
381 536
2309 843
533 552
533 476
533 879
533 442
533 32
533 88
533 379
533 752
533 893
533 2318
533 761
533 2319
533 2320
714 1266
714 1447
714 1087
714 1633
714 1965
714 64
714 1067
714 2323
714 1029
714 2324
714 2325
714 2326
714 2
714 944
714 2327
227 2167
711 1161
711 828
711 1173
711 641
711 526
711 1230
711 266
711 933
711 576
711 193
711 2521
711 906
711 46
711 139
711 445
711 2522
711 2523
711 406
711 909
711 942
711 248
711 665
711 1937
711 935
711 535
711 781
711 2524
711 2525
627 661
627 585
627 1186
627 864
627 804
627 2563
159 307
159 976
159 1504
159 928
159 1104
159 940
159 621
159 235
159 58
816 745
816 1629
816 2348
816 1668
816 55
816 1064
816 2693
816 2694
816 2695
816 519
816 2603
816 1569
126 970
126 1187
126 1043
126 1246
126 1291
126 1322
126 142
126 267
126 262
126 1089
126 110
126 1599
126 595
126 1761
126 1816
126 1863
126 2046
126 2083
126 610
126 2749
126 1021
126 3092
126 3093
126 2319
126 3009
126 2237
126 3094
126 440
126 926
126 3029
126 3095
126 3096
126 1084
368 761
368 206
115 1283
115 1637
115 564
115 2560
115 2558
115 454
115 884
115 3254
115 2559
115 853
761 1092
761 942
761 490
761 87
843 1556
843 194
843 1628
843 29
843 367
843 559
843 3013
843 2810
843 2282
843 560
843 3620
843 2845
942 706
942 661
942 1511
942 933
942 106
942 1038
942 50
942 444
942 87
942 2325
942 1741
942 14
942 830
942 1103
942 2
942 3083
942 931
942 208
692 768
692 1062
692 949
692 1341
692 399
692 442
692 86
692 416
692 203
692 1042
692 117
692 174
692 810
692 456
692 565
692 314
692 558
692 2842
692 550
692 124
692 2281
692 411
692 903
456 309
456 756
456 541
1284 543
1284 1111
1284 1665
1284 1068
1006 3722
558 706
558 1240
558 240
558 202
558 614
558 930
558 510
558 61
558 980
558 3485
558 853
558 749
832 1183
832 2167
832 1036
832 615
272 671
272 494
272 1739
1287 1111
1287 1283
1287 1515
1287 559
1287 2282
1287 2842
1287 100
1287 1292
346 581
346 916
346 1299
346 615
346 1369
346 1474
346 253
346 669
346 183
346 727
346 2569
346 990
346 1036
346 1871
346 3314
346 2095
346 2580
346 1970
346 58
346 3085
2887 1255
2887 418
2887 1931
2887 1995
2887 2283
2887 2400
2887 3199
2887 3329
1139 1140
1140 2293
2293 739
2293 2291
1142 706
706 776
706 798
706 14
706 3488
706 101
706 199
706 1144
706 519
706 3825
706 840
706 972
706 763
689 661
689 648
689 38
689 2917
689 2918
689 890
689 1072
689 536
689 133
689 185
776 1261
776 389
776 1389
776 1390
776 1391
776 1393
776 1394
776 1395
776 1396
776 1397
776 1398
776 77
776 1399
776 378
776 864
776 179
798 1168
798 1623
798 1690
798 393
798 2943
798 3027
798 3330
798 47
798 590
798 2393
798 763
14 106
14 1038
14 1058
14 972
14 3488
14 3101
14 566
14 931
3488 2188
101 1508
101 722
101 973
101 2881
101 211
101 3494
101 3604
101 3165
199 876
199 1233
199 1824
199 1048
199 923
199 840
199 794
1144 748
519 1594
519 1595
519 273
519 3592
519 1103
519 3135
519 3801
519 2901
519 840
519 3535
840 661
840 181
840 208
840 481
840 343
840 10
972 876
972 917
972 989
972 1052
972 1394
972 77
972 1117
972 1487
972 230
972 973
972 691
972 1881
972 955
972 2232
972 213
972 2687
972 2929
972 1029
972 3403
972 3426
972 55
972 3795
972 931
972 2281
972 763
763 2064
763 468
763 2840
763 3692
763 3826
748 348
748 417
348 505
417 513
417 366
417 736
417 306
417 1046
417 43
417 206
417 946
417 113
417 107
417 611
417 527
417 429
417 62
417 846
417 79
417 137
417 378
417 419
417 534
417 41
417 2757
417 841
505 640
505 1062
505 958
505 759
505 775
505 32
505 484
513 1111
513 614
513 230
513 1678
513 1414
513 527
513 1434
366 640
366 196
366 865
366 387
366 845
366 170
366 653
736 1246
736 136
736 332
1046 2750
1046 891
43 62
43 534
43 265
43 113
206 661
206 3109
946 534
107 1803
107 1025
611 1149
611 908
611 1318
611 445
611 510
611 3137
611 332
611 3455
527 1185
527 1305
527 1515
527 1051
527 596
527 13
527 445
527 583
527 32
527 855
527 606
527 710
429 79
429 1288
429 1762
429 2022
429 395
429 3343
62 876
62 644
62 181
62 186
62 265
62 534
846 376
846 3665
846 3751
79 1149
79 1193
79 2198
79 1678
79 2438
79 554
79 703
79 2255
137 1286
137 1425
137 1789
419 875
534 38
534 168
534 924
534 473
534 733
534 265
534 1072
534 773
534 3535
41 385
841 879
841 1684
841 866
1145 402
1145 970
1145 1146
402 410
402 662
402 2038
402 2320
402 1043
970 416
970 2842
970 615
1146 1182
410 1043
410 268
410 1
410 1111
410 914
410 1696
410 881
410 964
410 228
410 2324
410 1532
410 3004
410 2246
410 2857
662 1890
2038 1240
2038 1750
2038 3146
2038 446
2320 1173
2320 1218
2320 2981
1043 1200
1043 2537
1043 1557
1043 276
1043 847
1043 935
1043 2492
1043 865
971 1382
971 1407
971 1456
971 163
971 1551
971 559
971 1999
971 2172
971 750
971 2366
971 2367
971 2368
971 2369
971 785
971 2370
971 2371
971 1662
971 923
971 2372
971 2373
971 2129
971 2374
971 2375
971 675
971 2302
3004 1179
1447 1445
1447 1529
1447 1577
1447 1680
1447 2074
1447 2168
1447 2349
1447 1579
1447 2628
1447 1580
1447 2046
1447 299
1447 3455
1447 261
1447 2011
1447 460
1447 1448
1447 1549
1447 1762
1447 3659
1447 3481
1447 957
1447 3660
364 564
650 1485
650 1648
650 850
650 2530
650 3048
650 3353
650 493
943 289
943 679
943 1902
943 3300
943 3318
943 69
943 149
943 3596
943 135
943 3628
943 940
943 3059
943 487
943 853
943 77
943 2105
943 1034
1358 193
1358 1357
1358 1979
1358 1028
1358 655
1358 1720
1358 2669
1358 2999
1358 237
1358 1769
1358 304
1358 2073
1358 2509
1358 2288
416 27
416 163
416 230
416 1603
416 544
416 2064
416 557
416 849
416 68
416 2065
416 2066
2842 2082
615 1148
615 1196
615 1270
615 1673
615 990
615 3314
615 1376
615 2452
615 3813
615 1627
615 3077
615 224
615 1379
615 3394
1182 1183
1182 1106
1182 1185
1147 1148
1147 1149
1147 1150
1147 1151
1147 1152
1148 1192
1148 1339
1148 1340
1148 1065
1148 1341
1149 1362
1149 474
1149 2511
1149 3243
1149 909
1149 3105
1149 1936
1149 1378
1149 256
1150 1445
1150 2013
1150 2760
1150 2574
1150 2934
1150 178
1150 3415
1150 578
1150 3416
1150 1522
1150 3356
1150 3417
1150 1292
1150 1866
1151 2530
1151 2744
1151 86
1151 1265
1151 877
1151 3752
1152 916
1192 581
1192 732
1339 1753
1339 123
1340 3012
1340 633
1340 3057
1065 1164
1065 905
1065 296
1065 84
1065 2754
1065 1455
1065 276
1065 2994
1065 2025
1341 2503
1341 806
1341 3081
1341 2810
1341 2559
1341 1499
1341 2321
1362 1364
1362 240
1362 178
474 828
474 1176
474 465
474 1982
474 494
474 1672
474 2106
474 2107
474 2108
474 1849
474 1180
474 2109
474 2055
474 1041
474 967
474 2110
2511 1246
3105 875
1378 2067
1378 36
1378 2657
1378 3501
1378 726
1378 3787
1378 28
1378 3559
256 284
1445 1283
1445 1299
1445 1446
1445 1448
1445 1449
2013 1256
2013 2014
2013 2015
2760 359
2760 399
2760 2728
2574 2163
2574 2856
2934 84
2934 2935
178 1076
3415 267
3415 414
578 1756
578 350
3416 3594
1522 976
1522 2553
3356 1495
3356 1862
3356 571
3417 1333
3417 739
1292 1111
1292 687
1292 100
1292 29
1292 2328
1292 1471
1292 2858
1292 32
1292 1064
1292 2065
1292 2845
1866 1515
1866 1753
1866 1804
1866 109
1866 2553
1866 2488
1866 3160
1866 3560
1866 2981
1866 2157
1866 3044
1866 2913
2530 1265
2530 1880
2530 1024
2530 2277
2530 727
2530 2531
2530 770
2530 2532
2530 2533
86 640
86 1481
86 1067
86 2581
86 172
86 1482
86 778
86 3036
86 853
86 625
86 428
86 3037
1265 1264
1265 1529
1265 1561
1265 183
1265 2262
1265 2675
1265 2907
1265 1455
1265 1076
1265 3339
877 110
877 1931
877 887
877 3464
877 3131
916 581
916 1257
916 422
916 464
916 1417
916 1074
916 61
916 804
916 3341
916 426
916 989
916 2586
916 1813
916 1675
1783 1653
1783 1784
1964 1965
1964 1966
88 589
88 1992
88 2247
2778 2520
2627 2626
2145 253
3239 828
3239 1173
3239 1074
3239 2422
3239 73
3239 3203
2422 828
2422 1173
2422 879
334 161
334 2936
334 1750
334 1701
334 1388
334 2354
334 3846
2246 2245
442 29
442 672
442 32
442 3617
442 3636
442 3199
442 2891
442 3823
1173 1170
1173 828
1173 1111
1173 806
1173 1196
1173 1190
1173 440
1173 1270
1156 1186
1156 1187
1156 307
1156 1188
1157 1810
1157 1262
1158 2317
640 29
640 72
640 1343
640 3134
640 3135
640 789
640 1291
326 270
326 1776
661 2023
661 2259
661 782
661 732
661 2903
661 868
661 3202
661 203
661 298
661 3709
661 276
661 3808
661 847
661 181
661 855
661 267
661 146
661 1496
661 541
661 2066
661 2327
661 483
1161 1481
1161 3687
1161 3867
1161 2322
1186 1194
1186 1803
1186 1261
1186 1220
1186 111
1187 1508
307 2436
1188 2306
1188 414
1810 2445
1262 1260
1262 679
1262 205
1262 458
1262 2585
1262 87
1262 2333
1262 990
1262 2204
1262 2238
1262 726
1262 3430
1262 1700
1262 308
1262 3431
1262 989
1262 643
1262 154
2317 1633
29 1288
29 908
29 1571
29 1728
29 872
29 1729
29 1730
29 1731
29 1732
72 585
72 1690
72 1836
72 1837
72 1838
72 74
1343 1342
3135 3680
789 1111
789 1626
789 1718
789 1013
789 3297
789 780
789 440
789 1291
789 411
789 865
1291 1111
1291 1687
1291 1718
1291 1471
1291 2282
1291 440
270 1789
270 600
270 1790
270 1791
270 463
270 1792
270 1793
1776 976
1776 1511
1776 1796
1776 3700
782 269
782 859
782 1082
782 74
782 488
732 1044
732 1035
732 1435
732 1211
732 933
732 1389
732 1258
732 2235
732 2629
732 2814
732 1321
732 2815
732 1112
732 2816
732 2817
732 1041
732 2818
732 2819
732 472
732 224
732 103
732 2820
732 154
732 2821
2903 583
868 1044
868 962
868 444
868 1038
868 232
868 33
868 1103
868 343
868 241
3202 1425
3202 3203
203 548
203 2492
298 864
298 2054
298 3479
276 641
276 677
276 131
276 413
276 886
276 63
276 132
276 238
276 941
276 99
276 945
276 626
847 1031
847 884
181 539
181 917
181 3584
181 245
181 2162
855 176
855 445
855 1932
855 735
855 2509
855 710
267 3260
267 1646
267 2493
146 585
146 176
146 142
146 462
146 48
146 548
146 91
146 561
1496 1417
1496 1492
1496 962
1496 2046
1496 2143
541 1254
541 252
2327 1501
483 585
483 1485
483 1655
483 2564
483 2892
483 3277
483 3460
483 157
1481 1482
1481 1089
3687 1567
2322 973
2322 2084
2209 464
595 1503
595 544
595 1028
595 440
595 809
2408 2185
2408 2192
2569 1659
2569 1709
2569 1899
2569 1024
2569 478
2569 3258
2569 3088
2569 645
2569 3212
2569 2844
3254 3261
3254 3326
3254 3531
330 184
330 1321
330 400
330 1987
330 386
330 2406
330 6
330 2407
330 2288
3140 1729
1162 1163
1162 1164
1162 1165
1162 1166
1162 184
1164 2802
1164 2973
1164 3209
1164 3251
1164 2857
1164 1076
1164 1045
1166 2907
1166 1286
1166 1597
184 1987
184 591
184 1571
184 386
184 3507
184 3905
2802 1546
2802 603
2973 1668
2857 2688
1076 1559
1076 1597
1076 1617
1076 2680
1076 2889
1076 900
1076 3046
1076 3874
1045 1258
1045 1283
1045 1300
1045 2399
1045 1487
1045 282
1045 2319
1045 621
1045 717
1045 143
1045 873
1045 3033
1045 739
2907 2088
1286 1180
1286 1244
1286 1111
1286 3807
1597 895
1597 322
1597 33
1597 3015
1597 3838
1987 1800
1987 751
1987 386
591 739
591 2238
1571 194
1571 2338
386 2734
3507 2365
3507 3506
648 1167
648 1116
648 1168
648 539
648 1169
648 585
648 876
1116 585
1116 853
1116 15
1168 580
1168 2457
1168 2418
539 644
539 213
539 1169
539 849
1169 1475
1169 1064
1169 649
1169 2188
1169 196
585 339
585 102
585 2545
585 233
585 1087
585 237
585 796
585 849
585 621
585 735
585 857
585 3407
585 327
585 703
585 545
585 388
585 705
876 837
876 968
876 3014
876 580
876 105
876 568
853 1052
853 46
853 930
853 3296
853 980
853 590
15 2869
2918 2600
890 185
536 2116
536 3603
536 2505
133 295
185 1456
185 1637
185 279
185 1780
580 2430
580 3018
2457 271
2418 1997
2418 2292
2418 2380
2418 2773
2418 3446
2418 3770
2418 2788
644 795
644 863
644 187
644 1038
644 2400
644 291
644 817
644 1961
213 21
213 849
849 2808
1475 476
1475 879
1064 649
1064 2065
1064 2172
1064 260
649 866
649 50
649 242
649 2837
649 55
196 289
196 1353
196 1113
196 2631
196 2174
196 77
196 236
196 3814
196 3904
196 245
339 730
102 468
1087 988
1087 180
1087 145
1087 373
1087 73
1087 66
1087 97
1087 155
237 1233
237 2067
621 507
621 577
621 449
735 1031
735 2009
735 42
735 2167
735 1069
735 2862
857 1525
857 120
857 279
3407 1863
327 1478
327 655
388 1246
388 1629
388 953
388 941
388 3633
388 415
388 2405
705 804
705 3694
705 3447
837 240
837 678
968 202
968 466
968 2824
3014 3015
105 106
105 328
568 380
1170 1171
1170 828
828 1111
828 1588
828 1218
828 806
828 2497
828 344
828 1615
828 3459
828 1532
828 261
828 904
828 3460
828 1533
828 77
828 1623
828 2672
828 3461
1394 1788
1394 932
1394 374
806 726
806 2083
806 2477
806 2540
240 641
240 507
240 1093
240 1699
240 2770
240 2771
240 354
240 297
1111 1218
1111 1014
1111 382
1111 1276
1111 193
1111 552
1111 1277
1111 687
1111 1279
1111 1280
1111 1281
1111 69
1111 759
1111 239
1111 359
1111 1282
1111 1283
1111 27
1111 1285
1111 1288
1111 476
1111 1290
1111 100
1111 404
1111 1293
1111 865
1588 988
1588 1902
1588 1903
1218 1044
1218 1104
1218 2282
1218 1937
1218 1387
2497 2622
344 1513
344 1592
344 445
344 428
344 2184
344 2916
344 426
344 488
1615 1211
1615 2610
1532 1529
1532 1601
1532 2235
1532 2629
1532 1837
1532 3480
1532 3481
261 1270
261 865
261 724
261 788
261 58
261 111
261 1021
261 3502
904 935
904 284
904 1472
904 2211
904 3386
904 941
904 2079
904 3310
904 675
1533 1471
1533 1529
1533 3160
1533 3656
1533 1822
1533 2817
1533 1642
77 768
77 1603
77 1461
77 149
77 55
77 957
77 414
1623 1179
1623 1181
1623 2409
1623 2311
1623 598
1623 1762
2672 2114
2672 258
1196 1194
1196 1355
1196 1546
1196 242
1196 2517
1196 1448
1196 201
1196 929
1196 1670
1190 2961
1190 1937
1190 294
440 865
440 1090
440 1692
440 1822
440 443
440 472
440 3597
440 3056
1270 2397
1270 2198
1270 896
1270 3276
1270 2182
1174 1175
1175 194
194 939
194 1570
194 1572
194 1574
194 1575
194 128
194 619
730 1023
730 955
730 422
730 84
730 491
730 154
1023 1886
422 1703
422 2165
422 2166
84 2443
84 2602
84 3030
491 1264
491 777
154 973
154 659
154 1003
154 1712
154 1054
154 754
154 358
1176 1177
1176 1178
1176 1179
1176 1180
1176 1181
1177 2646
1177 1731
1177 1970
1177 589
1180 2048
465 1513
465 1592
465 605
465 1649
465 1650
1982 1983
1982 633
494 671
494 47
1672 768
1672 21
1672 1382
1672 1544
1672 1627
1672 61
1672 2517
1672 818
1672 2518
1672 957
1672 2519
1672 331
2106 2728
2108 559
2108 577
2108 3376
2108 2699
2108 2405
1849 895
1849 2675
2055 1434
2055 1739
1041 103
1041 1112
967 1052
967 1741
967 70
967 774
967 2831
2110 1625
2110 1888
2110 2956
2646 2324
2646 2956
1731 3427
1970 1283
1970 865
1970 1010
1970 1668
1970 1968
1970 443
1970 2889
1970 3090
1970 3654
1970 3669
1970 3831
1970 3855
1970 3856
589 268
589 1
589 69
589 1412
589 742
589 1715
589 1981
589 1088
589 2306
589 2645
589 1010
589 2919
589 3160
589 1767
589 3546
589 2339
589 2580
589 342
589 2848
589 2614
589 3450
589 880
589 3816
589 3047
589 144
589 2728
589 1098
589 3474
589 731
2048 1244
2048 2047
2048 3041
2048 2719
2048 3534
2048 3547
2048 3593
2048 3193
2048 2821
1183 1311
1183 1312
1183 1226
1183 908
1183 1313
1183 1314
1106 762
1106 616
1106 1980
1106 1925
1106 149
1106 958
1185 1485
1185 1629
1185 1741
1185 2019
1311 2649
1312 1283
1226 1044
1226 1527
1226 1806
1226 609
908 1246
908 100
908 614
908 863
908 2875
908 332
908 447
908 1753
908 3422
908 778
908 3322
908 3649
908 284
908 2414
908 1474
908 920
1314 981
1314 1510
1314 1719
1314 1668
1314 1102
1314 2022
1314 2311
1314 423
1314 291
1314 3768
1314 2994
1314 2915
1314 3888
1314 3900
1314 708
1200 1201
1200 1202
1200 1203
1200 1204
1200 1205
1200 641
1200 288
1200 741
1200 526
1365 859
1365 1366
1365 1367
1629 1236
1629 895
1629 21
1629 1628
1629 805
1629 1815
1629 1816
1629 1817
1629 1030
1629 1818
1629 1819
1629 1820
1629 1741
1629 1821
1629 1822
1629 1823
1629 1824
1629 952
1629 678
1629 1825
1203 1861
1203 1862
1203 1863
279 1567
279 1637
279 2310
279 2311
279 234
279 208
1780 135
1780 2123
1299 2088
1299 559
1299 21
1299 1382
1299 3055
1299 1947
1299 2007
762 70
616 917
616 863
1980 2656
1980 2657
1925 1233
1925 58
1925 1924
1925 2716
1925 2717
1925 2718
1925 2719
1925 2720
1925 2721
1925 2686
1925 2287
149 1585
149 912
149 575
958 997
958 2697
958 173
958 1511
958 528
958 932
958 484
1485 867
1485 1246
1485 1258
1485 1486
1485 1487
1485 1488
1485 1489
1485 1490
1485 1491
1741 1738
1741 2666
1741 2159
1741 3189
1741 3440
1741 2492
1741 3441
2019 1369
2019 2657
2019 3633
1369 1252
1369 1368
1369 1477
1369 2016
1369 2017
1369 2018
1369 836
1369 2020
464 954
464 1097
464 570
464 548
464 345
464 2263
464 407
464 295
464 2264
464 70
464 243
464 472
464 678
464 2267
569 390
569 1527
569 1036
569 2444
569 403
893 372
893 443
893 2625
46 989
46 593
46 1516
46 1882
46 2807
46 1897
46 2808
46 371
46 2559
46 2809
46 1952
2114 1425
2114 1825
2114 2111
2114 2112
2114 2222
2114 2633
2114 2782
2114 2847
2114 2722
2114 3169
1871 1310
1871 3278
1871 3279
1871 3280
1871 2164
3296 191
371 741
371 1745
371 555
371 372
3023 372
3023 3045
3023 3201
3023 753
1937 641
1937 1213
1937 1290
1937 100
1937 1327
1937 209
1937 1894
1937 2853
1937 3679
1937 3693
1937 3800
2493 1816
1429 1240
1429 1430
1429 1431
495 502
495 1534
495 1535
495 1536
495 1537
495 1538
495 123
495 1539
495 894
495 654
495 1540
495 1541
1738 1240
1738 1739
1747 1748
183 581
183 1384
183 869
183 1834
183 47
183 1835
805 667
808 1438
808 957
808 574
2126 2127
774 462
1720 722
1720 1564
1720 1028
1720 2159
1720 2285
1720 2286
1720 2073
1720 1750
1720 472
1720 2287
1720 2288
1720 2289
2316 1391
2316 108
164 667
164 508
656 1427
656 2144
656 838
584 795
584 1893
584 245
2477 2478
1405 1403
2677 1805
2677 2754
2585 1310
2585 1557
2585 1559
2585 637
2585 1652
758 1246
758 202
758 929
2962 308
2488 2025
2488 2487
2488 3066
2488 300
1471 687
1471 27
1471 865
1471 1968
1471 1028
1471 2097
1471 2644
1471 2947
1471 1557
1471 3114
1471 1068
3210 308
3210 3114
2333 1434
2333 2332
990 581
990 253
990 1668
990 58
990 1803
990 3257
990 3264
990 3265
990 1986
3304 3305
1321 389
1804 502
1804 1805
2370 1450
2370 487
1556 1784
1556 2088
1556 1559
2372 2336
2372 3484
2372 3486
2372 3001
1805 502
1805 3739
2994 1360
2994 1809
2994 2273
2618 1684
2841 1670
2841 1835
2841 672
2841 3802
3817 3178
1558 3434
2867 1620
3852 3608
58 1254
58 687
58 759
58 1668
58 2450
58 2889
58 2544
58 3870
58 1952
58 250
202 21
202 1514
202 2022
202 3470
202 3534
202 749
202 929
202 2163
472 2319
472 192
472 3431
472 3894
3827 836
3827 403
1061 1423
1061 1479
1061 151
1061 2512
1061 2080
1061 3895
2288 1310
2288 2159
2288 3869
2288 2913
2288 3002
678 1816
678 81
678 3035
678 1880
678 423
678 571
678 3763
678 1082
678 3103
3811 2440
1194 1197
1194 867
1194 1198
1803 786
1803 502
1803 292
1803 953
1803 1850
1803 218
1803 1851
1803 652
1803 56
1803 131
1803 1853
1803 1825
1803 1854
1261 1260
1261 1811
1261 2755
1261 2472
1261 1750
1220 1044
1220 111
111 284
111 821
111 609
111 7
111 3037
1508 1507
1508 2176
2436 117
414 1211
414 1737
414 1749
414 3371
414 688
414 743
414 3872
414 2166
414 208
294 1414
294 45
294 1086
376 1331
376 593
376 448
161 1047
161 1385
161 1386
161 462
161 1387
161 1388
1515 552
1515 284
1515 1514
1515 1864
1515 1865
2047 1240
2047 1969
2047 182
1276 897
1276 2219
1276 2272
1276 2273
1276 2274
1276 2275
1276 1862
1276 1283
2479 751
2479 2378
108 859
108 97
1893 507
1893 957
1893 1892
1893 2211
1893 2995
1893 2583
1893 2848
1893 1997
1893 2788
1893 684
2753 1277
2753 1382
2753 1448
2753 1546
2753 400
2753 957
2753 1689
2753 2517
2753 818
2753 2603
2753 2752
1898 581
1898 1327
2930 3177
2930 3178
3267 2905
3267 423
3541 70
473 295
3517 2033
3517 2711
3517 226
487 387
487 47
487 61
487 2794
487 3245
2374 3363
3732 3242
3076 1247
3076 1283
3076 21
3076 3411
3406 2027
3406 550
3269 3268
1456 359
1456 1434
1456 1668
1456 3832
3401 3400
3648 1474
3648 1617
2957 2553
3064 1240
3064 1668
1709 296
920 1086
1293 1283
1293 1074
719 581
719 3201
3736 3889
2405 387
2405 1788
2405 47
2405 2402
2405 3245
2405 3653
581 592
581 1784
581 1897
581 292
581 413
581 1465
592 1511
1784 1653
1784 2067
1784 315
1784 1944
1784 2068
1784 2069
1784 2070
1784 2071
1784 2072
1784 2025
1784 2073
1784 739
1897 2085
1897 3002
292 1370
292 570
292 1068
413 768
413 433
413 820
413 540
413 2630
1465 1462
1465 1719
1465 2498
1465 3184
1465 1848
1465 2549
1465 2007
532 322
532 997
2282 1283
2282 2885
2282 3253
2283 1236
2283 2637
2283 3111
2283 299
2283 2311
547 27
547 232
547 96
547 573
1229 1044
1229 1240
1062 269
1062 1015
1062 223
1062 177
1062 284
2284 618
1813 1283
1813 559
1813 1812
1813 3424
1813 39
1044 1211
1044 1212
1044 1213
1044 1214
1044 1215
1044 1217
1044 981
1044 1221
1044 1222
1044 1223
1044 1225
1044 1227
1044 1228
1044 1230
1044 1231
1044 954
1044 1232
1044 1233
1035 1255
1035 1256
1035 268
1211 83
1211 1614
1211 1616
1211 1617
933 1603
933 1716
933 973
933 387
933 632
1389 726
1389 1860
1258 1257
1258 2088
1258 2090
1258 680
1258 1876
1258 2091
1258 1565
2235 2236
2235 2237
2629 935
2629 1827
2629 257
2629 443
2629 660
2629 778
2629 2968
2815 2832
1112 1681
1112 375
2816 3640
2817 1039
2818 1247
2818 2440
2818 2565
2818 3793
2818 3203
2819 3320
224 976
224 655
224 842
224 963
224 880
224 498
224 2190
224 216
103 65
103 2263
103 63
103 617
103 372
2821 110
2821 2580
2821 3291
2198 989
2198 361
2198 2588
2198 2838
2198 2430
1678 2256
1678 1926
1678 2492
1678 2182
2438 2220
554 1723
554 444
2255 509
2255 655
2255 2455
2255 355
2255 2866
2255 291
2255 3717
2255 3265
2255 3803
2255 3797
2255 3887
1197 2437
1197 283
1197 3522
1197 3627
867 151
867 2434
867 690
867 2774
867 1423
867 2353
867 1003
1198 1790
1198 2528
1872 1240
1872 2464
1873 284
1874 1975
1874 2873
981 1202
981 1648
981 2046
981 2330
981 3145
1875 2260
1875 2596
1875 3456
1876 2090
1876 3477
1876 2414
1355 1356
1546 879
1546 1382
1546 1446
1546 1844
1546 258
1546 2480
1546 3125
1546 3126
1546 2908
1546 2517
1546 1549
1546 2321
1546 1637
1546 3127
242 543
242 2051
242 2059
242 3214
242 999
242 3006
242 2859
242 826
242 3144
242 3342
2517 1549
2517 1692
2517 2321
2517 2625
2517 2908
2517 2518
1448 1419
1448 1446
1448 1544
1448 1671
1448 1545
1448 2613
1448 1579
1448 1580
1448 61
1448 228
1448 1938
1448 3101
1448 1549
1448 957
1448 1681
201 418
201 2985
201 238
201 3786
201 2898
929 925
929 2184
929 3746
1670 34
1670 2256
1670 3781
2437 2220
283 390
283 654
283 2063
283 2070
283 2777
283 3183
151 230
151 709
2774 1010
2774 1668
2774 3624
2774 3625
1423 1421
1423 2991
1423 1926
1423 3535
2353 2352
2353 3677
1003 160
1003 973
1003 659
1003 205
1003 1054
1003 358
1003 754
1003 1712
1790 2527
1790 2528
2528 1635
2528 3584
1240 1239
1240 1624
1240 1764
1240 576
1240 1842
1240 2348
1240 2548
1240 2670
1240 2716
1240 2829
1240 2971
1240 2719
1240 2987
1240 3693
1240 3748
1240 2583
1240 312
1240 2287
1240 179
1240 3332
2007 1382
2007 1673
2007 957
2007 3184
2007 3264
1201 1273
1201 543
1202 489
1202 1282
1204 1487
1204 1609
1205 1434
641 12
641 445
641 3455
641 51
641 3504
641 2910
641 503
641 3883
288 1786
288 635
288 1086
288 765
741 683
526 459
526 445
543 1272
543 1814
543 1855
543 323
543 1631
543 2476
543 790
543 333
543 858
543 2550
543 1791
543 2551
543 1424
489 347
489 2006
489 73
489 3183
1282 21
1861 1417
1861 2134
1862 123
1862 2690
1862 2689
1862 2070
1863 2135
1863 2136
1863 3662
1863 2137
1487 989
1487 1473
1487 2669
1487 2256
1487 2031
1487 3172
1609 1608
1434 1285
1434 21
1434 1432
1434 1436
1434 1514
1434 1749
1434 2021
1434 2044
1434 2140
1434 2216
1434 2651
1434 2197
1434 2740
1434 2784
1434 2871
1434 1486
1434 2949
1434 2159
1434 2747
1434 3383
1434 3405
1434 2854
1434 2382
1434 3498
1434 2179
1434 598
1434 2012
1434 2532
1434 3320
1434 1633
1434 2739
1434 3068
1434 3824
1434 3829
1434 1474
1434 1084
12 2256
445 1622
445 833
445 139
445 804
445 3252
445 2525
445 1625
445 721
51 1388
51 197
51 3370
51 3478
3504 3337
2910 2909
2910 3368
1786 1787
635 47
635 1086
635 350
635 3246
635 3247
1086 865
1086 918
1086 1759
1086 2256
1086 407
1086 2878
1086 252
1086 1018
1086 3613
1086 3614
765 1221
765 121
2537 1620
2537 957
2537 1824
2537 2536
1557 555
1557 603
1557 3664
935 1264
935 509
935 81
935 1870
935 1612
935 960
935 936
2492 1511
2492 1816
2492 1880
865 1283
865 476
865 1696
865 576
865 879
865 1090
865 1422
865 2892
865 1414
865 963
865 3791
865 2174
865 3165
865 1625
683 1283
683 318
683 670
683 1769
683 466
683 258
683 3496
683 2673
459 128
459 804
459 2969
459 167
1206 1207
1206 1208
1207 2118
1207 1225
1207 1288
1208 1239
1208 1868
1208 593
1208 3533
1208 3630
2118 1253
1225 3137
1225 1283
1288 2813
1288 1952
1239 768
593 1945
593 2210
593 906
593 1753
593 1020
593 2828
593 590
1209 1210
1209 902
1210 1736
902 328
1213 1952
1214 1739
1215 257
1217 2202
1217 1668
1217 308
1217 1089
1223 2583
1228 3013
1230 2245
1230 2220
1231 2705
1232 21
1233 1923
1233 1991
1233 2382
1233 1722
1233 537
83 1008
1617 3487
1952 3333
1739 1361
1739 1757
1739 2051
1739 2052
1739 2053
1739 2054
257 605
257 850
257 2567
257 3707
257 2568
551 1662
551 797
1668 34
1668 1719
1668 553
1668 2889
1668 2990
1668 3016
1668 2811
1668 2454
1668 3059
1668 3060
1668 3061
1668 3062
1668 3063
1668 2460
308 2186
308 3396
308 2549
308 3777
308 3781
308 835
308 957
1089 1816
1089 2687
1089 804
1104 976
1104 951
1387 3137
1387 1388
220 984
220 807
220 2398
220 2454
1474 193
1474 1460
1474 158
1474 1472
1474 1624
1474 863
1474 2016
1474 2716
1474 1944
1474 3066
1474 2531
1474 3379
1474 3079
1474 819
1474 574
1474 2721
1474 3740
1474 1986
1474 3875
1474 418
962 176
962 1047
962 1058
962 232
962 921
444 1279
444 1038
444 1721
444 409
1038 1633
1038 724
1038 779
1038 1073
1038 2421
1038 924
1038 1080
232 786
232 2852
232 2888
232 321
232 33
232 573
1103 432
1103 147
1103 409
1103 520
1103 2937
343 834
343 1048
343 396
343 439
343 92
343 819
343 3685
241 3851
1648 110
2046 2045
2046 2250
2046 3170
2046 3171
2330 2329
2330 2971
3145 277
2583 1594
2583 2582
2583 3082
2583 3451
2583 3274
3137 428
1283 502
1283 1954
1283 1975
1283 1815
1283 628
1283 1555
1283 2667
1283 1049
1283 559
1283 1373
1283 2542
1283 2095
1283 605
1283 3512
1283 1495
1283 3447
1283 1425
1283 3253
1527 1528
1806 1671
1806 691
1806 1808
1806 1809
609 284
609 271
609 720
609 941
609 891
609 80
3013 2
3013 277
751 1799
197 552
197 1388
2604 284
2604 966
809 3311
2245 1384
2220 1277
2220 2219
2220 2439
2220 2440
2220 466
2705 951
1007 523
1007 1879
1007 1406
1007 597
1007 55
1007 957
911 2412
821 2562
597 630
55 768
55 1071
55 2281
55 190
55 3650
55 2830
55 590
68 125
818 957
818 2715
818 374
21 1357
21 1922
21 507
21 2536
21 2779
21 2855
21 2076
21 939
21 3074
21 2
21 2722
21 1700
21 1549
21 2452
21 192
21 713
21 3075
21 590
21 1727
21 3077
21 3078
21 2033
1991 721
2382 768
2382 163
2382 1458
2382 3024
2382 76
2382 708
1722 212
2146 2147
2146 2148
2146 2149
2146 2150
2146 2151
1511 1255
1511 1277
1511 1055
1511 1370
1511 1510
1511 2909
1511 3091
1511 1890
1511 2783
1511 1723
1511 374
1511 2174
2559 2179
2559 2527
2559 564
2559 3081
2559 3364
2559 2858
2559 3543
2559 3689
1567 745
1567 2865
1567 1032
1567 3255
1567 3678
1567 3712
1567 3609
1567 1750
1235 1236
1236 3877
1237 1238
1238 895
895 1320
895 1845
895 1847
895 1102
895 1848
895 1333
768 576
768 2280
768 198
768 3428
768 3645
768 3516
768 3320
768 1306
768 883
768 3101
768 2830
768 2281
768 3835
1624 509
1624 1625
1764 274
576 2162
1842 1841
2348 2335
2548 1665
2548 2549
2716 73
2829 1520
2829 2830
2971 2570
2971 2850
2971 3079
2971 423
2971 3080
2987 2986
312 1528
312 2092
312 2500
2287 1384
2287 2338
179 2241
179 85
3332 284
2280 2281
198 1032
198 2301
198 3188
198 3189
198 3190
3516 110
3516 3595
3320 2373
3320 121
3320 2896
3320 3319
3320 3705
3320 3706
1306 1305
1306 2556
3101 1382
3101 2480
3101 2631
2281 3509
3835 836
289 1241
289 1242
289 1243
289 1244
1241 1091
1243 2859
1243 1859
1091 3042
1091 449
1091 892
1091 3902
2859 1410
2859 2482
2859 2809
2859 3270
2859 3579
1859 367
1859 1028
1859 2869
1859 2978
1859 19
1859 3534
3300 1838
69 239
135 1593
3059 989
2105 2102
1113 2303
1113 2304
1113 2305
2631 1788
2631 1844
2631 2519
2631 374
2631 2625
2631 3622
2631 3623
2174 863
2174 2173
2174 2518
2174 155
2174 3447
236 633
236 2836
3814 1808
3814 3670
245 1049
1245 1246
1245 1247
1245 1248
1246 1867
1246 2666
1246 1422
1246 2688
1246 3067
1246 1247
1246 3068
1246 2104
1246 3069
1247 976
1247 3276
1247 1252
1248 2592
1248 284
1422 1421
1422 921
2688 1762
2688 2687
2104 2102
2104 2491
976 1443
976 1765
976 637
976 1040
976 1766
976 844
976 282
976 1767
976 707
976 1768
976 1769
976 1770
976 963
976 1771
976 128
976 1408
976 1772
976 1762
976 1444
976 1773
976 1774
976 952
976 1775
1252 266
2592 2594
284 1367
284 1397
284 860
284 2005
284 1042
284 2467
284 2729
284 130
284 78
284 3032
284 172
284 2274
284 3136
284 254
284 3181
284 3435
284 3612
284 3626
284 8
284 3204
284 3774
284 3613
284 2462
284 3775
1249 1250
1250 654
1250 1625
654 709
1625 1399
1625 984
1625 3007
1625 2955
1625 3720
1625 3828
1625 2964
1625 3745
266 1253
266 1254
266 390
1253 2769
1253 3704
1253 1071
1253 3797
1254 2112
1254 2250
1254 2605
1254 2635
1254 3065
1254 1396
1254 1324
390 1802
390 668
390 423
390 3850
193 1628
193 1630
193 2385
193 906
193 2150
193 2386
193 1501
2521 1482
2521 2616
906 1660
906 2661
906 2662
906 2663
906 2664
906 535
139 804
139 2315
139 3022
2522 3309
2522 3310
2522 3063
248 2137
665 2163
665 2619
665 336
535 2032
535 3762
2525 418
1071 531
1071 836
1071 301
1071 2099
1071 421
1071 452
1071 646
1071 427
1071 3421
1071 3669
1071 658
1071 369
3797 3670
2112 2111
2250 2249
2250 2484
2635 1333
2635 2636
3065 1653
1324 389
1324 939
668 2185
668 2339
668 403
423 435
423 498
423 1068
3850 3878
1255 2539
1255 2886
1255 418
1256 1425
268 881
268 2064
268 436
268 672
268 110
268 365
418 1279
418 1501
418 1594
418 1603
418 2709
418 2836
418 941
418 2214
418 3385
418 3761
418 3103
1425 1421
1425 638
1425 590
881 2120
881 1074
881 672
881 2415
881 2237
2064 1644
2064 869
2064 392
436 709
672 3037
110 879
110 1417
110 1577
110 1579
110 1782
110 3334
110 3508
110 3534
110 1703
110 3080
110 263
365 1650
365 3424
2088 1382
2088 2895
2088 2908
680 2164
680 838
1565 1561
1417 1415
1417 1446
1417 1545
1417 2480
1417 2481
1417 973
1074 759
1074 1708
61 1382
61 1549
61 925
61 3127
804 382
804 34
804 947
804 835
804 3171
3341 1860
426 989
426 1870
989 1603
989 1011
989 2256
989 939
2586 552
2586 1885
2586 2807
1675 1418
1675 1544
1675 957
1259 523
1259 1000
1000 2601
1000 1382
2601 1085
2601 603
1382 1381
1382 2500
1382 443
1382 1547
1382 3138
1382 2321
1382 3139
1260 1263
2472 1052
1750 1749
1750 2513
1750 333
1750 3635
1750 3690
1750 3788
1750 2499
1750 3873
205 1666
205 1667
458 1117
458 44
87 898
87 302
87 3051
726 969
726 562
726 1107
726 921
726 631
726 263
1700 1696
643 230
643 669
1264 191
191 897
191 1975
191 173
191 172
191 3113
191 2905
191 3094
191 561
191 708
1529 253
1529 1531
1529 722
1561 552
1561 637
1561 1562
1561 1563
1561 1564
2675 2674
897 1518
1975 1976
173 2824
172 625
172 778
3113 1976
2905 957
2905 2904
2905 3682
2905 3703
561 1513
708 1413
509 2253
509 2254
1870 1848
1870 1869
1870 2463
1870 2706
1870 769
1870 3173
1612 1611
1612 2982
1612 3444
936 860
936 1890
936 3676
269 859
269 1266
269 764
269 1267
269 1
269 1014
269 1009
269 889
859 2169
859 1010
859 882
859 2170
859 1009
859 2171
1267 3205
1 905
1 686
1 329
1 3312
1 731
1014 239
1014 379
1014 27
1014 1082
1014 74
1009 243
1009 813
1009 466
889 997
889 3263
889 2136
889 770
889 369
1010 383
1010 97
882 1865
882 22
2171 1528
2171 447
2508 47
2508 3038
2508 3475
2508 3305
2508 3476
134 399
134 1756
134 645
1099 163
1099 1729
1099 2257
1099 978
1099 275
1099 2850
2509 2152
2509 2810
2509 3871
1082 978
1082 3159
1082 2845
74 239
74 2328
74 752
74 693
74 978
74 379
74 73
74 2452
74 80
74 2845
544 1638
544 724
544 1639
544 1640
544 400
544 1641
544 1642
65 180
65 1928
997 320
997 1024
997 2002
2099 2100
2099 2101
2584 2132
2113 2111
2628 443
2628 299
687 577
687 1033
687 2925
687 7
687 2354
978 1052
978 685
2837 1723
2837 3486
1503 1502
1503 299
1503 3571
2339 379
2838 973
2838 2699
2838 3377
884 1052
884 842
884 2260
2840 1620
2840 695
2840 54
780 577
780 852
780 195
717 957
717 1986
717 2076
717 518
717 3534
717 3818
1642 2792
1642 2304
97 724
97 180
97 1028
97 803
97 743
97 799
7 468
7 2713
7 3896
163 239
163 2076
2844 1068
2845 100
1882 1881
1605 670
1605 1603
1730 3308
2318 879
2318 2879
2858 2176
1337 476
1337 1336
2860 3244
121 836
121 498
121 555
121 304
121 3731
1040 788
1040 45
2687 2689
797 398
379 382
379 239
379 610
379 80
80 443
905 1693
905 435
905 329
905 1694
905 1002
3312 770
731 985
731 842
731 880
731 3037
239 557
239 2808
239 3482
239 699
27 1696
27 404
2136 2135
770 864
770 619
369 301
369 1073
369 528
369 3863
296 1706
296 1707
296 1708
296 701
2813 2425
2128 2129
78 271
70 1085
70 2608
70 3542
2397 2398
2182 939
2182 1460
2182 2180
1611 123
1611 1613
991 2655
106 800
106 317
106 355
106 1058
106 566
1645 957
1646 2165
75 3819
75 3758
116 393
116 620
116 3513
116 549
953 1364
953 434
953 2771
953 2119
953 290
1647 1275
1879 1880
1406 1403
957 1418
957 1544
957 1621
957 45
957 2500
957 3007
957 1085
957 3180
957 3195
957 3508
957 2179
957 3621
957 603
957 2321
957 1800
438 3450
438 721
949 564
3450 1602
3450 3388
721 3453
721 3412
721 3716
721 3519
399 359
399 109
399 645
1756 1754
645 1297
564 2310
564 2558
528 484
528 785
528 715
932 331
484 775
484 392
484 249
484 2368
484 738
484 715
484 477
484 3637
484 3699
484 2000
484 301
484 625
484 3847
484 3170
484 3863
484 331
484 3582
1814 930
1814 996
323 405
323 608
1631 1628
790 1053
790 663
790 638
333 785
858 3070
1791 1931
1791 3192
1791 3193
1424 1421
1424 894
1274 1275
1275 1841
1275 2117
1275 879
1275 2433
1275 3221
879 759
879 1305
879 1586
879 723
879 2028
879 188
879 878
879 2421
879 299
879 605
879 2423
879 2424
879 2425
879 2321
879 2426
879 2427
879 2428
382 2256
382 2257
382 1036
382 182
382 2258
552 443
552 449
552 636
552 699
1277 1993
1277 1721
1277 1753
1279 866
1279 1280
1279 2985
1279 835
759 2823
759 3435
759 453
759 3436
1290 1560
1290 2399
1290 3096
404 1039
404 571
614 557
614 409
614 447
614 2177
230 1506
1414 1412
2256 1986
2256 2948
2257 2871
1036 3272
1036 3273
182 1981
182 2095
1628 1630
1628 405
1628 607
1628 428
1630 2011
1630 2012
1630 666
2385 894
1501 1498
1501 2898
1501 3614
2321 1673
2321 1735
2321 393
2321 258
2321 2480
2321 3469
443 1469
443 228
443 1729
443 2130
449 3129
1721 2021
1753 1751
1753 3373
577 32
577 2896
2354 1052
2354 1961
2354 2352
2354 3903
2984 35
866 1480
866 507
866 1594
866 1719
93 480
93 123
93 147
93 880
1067 625
1067 807
253 570
253 496
253 315
253 317
253 1735
2084 2083
930 309
930 980
322 502
262 1381
262 153
262 1050
262 2880
262 98
262 3337
262 802
262 3028
262 826
262 2073
262 926
1986 1789
1986 3324
1986 3365
1986 2501
1986 2614
1986 2711
1986 3757
453 676
453 3191
914 1552
1696 1699
1696 1701
964 2165
964 1088
964 2431
964 1056
964 2615
228 1446
228 1545
228 1680
228 2359
228 3186
228 2908
2324 1673
557 96
557 3031
502 1759
502 602
1815 2163
628 380
1555 2494
2667 1361
2667 973
1049 2708
559 1584
1373 2311
1373 1460
1373 3033
2542 1013
2542 3106
2542 216
2095 2094
605 311
605 22
1495 1492
1495 2718
3447 3326
3447 3646
1665 1401
1665 1660
1665 1999
1665 3040
1665 1848
1665 2877
1665 2533
1665 143
1068 1760
1068 2532
1068 3348
3807 701
1969 1968
2889 1356
2889 2375
2076 2075
2076 2935
2076 3028
2076 2454
894 1316
894 760
894 1684
894 2676
894 984
894 2655
894 973
894 2311
894 899
894 3671
965 1718
965 96
2589 1385
2589 1420
2589 3632
96 3025
96 3757
2304 2665
1626 1627
1718 32
1013 1821
1013 2543
1013 2544
411 2345
1039 2378
1039 3375
571 973
571 1816
32 3601
32 3602
32 710
32 1972
2065 3114
1090 988
1090 2180
2892 2544
2892 2568
3165 2070
3165 3842
1294 1295
1294 1296
1294 1297
1294 229
1294 786
229 2009
229 3540
786 1050
786 2796
786 321
786 647
786 2319
2009 1319
2009 180
2009 42
1050 1831
1050 1836
1050 2506
1050 2507
321 2
321 839
321 3120
321 941
321 567
321 1037
2319 275
3055 1484
3055 1569
3055 1974
3055 2718
3055 3167
1947 1946
1947 2854
1300 917
1300 1055
917 1955
917 863
917 1063
917 187
917 1048
917 1956
917 574
917 1957
917 1958
917 363
917 1959
917 1499
917 1960
917 1961
917 60
917 157
1055 999
1055 795
1055 2162
863 1063
863 553
863 9
863 259
863 582
863 1025
863 60
1063 999
1957 1853
1957 1959
363 691
1499 1498
1499 89
1499 3313
1499 3778
1960 3634
1961 3325
157 259
795 522
2162 295
2162 168
282 200
282 669
282 408
282 637
282 1008
282 634
143 600
143 610
143 966
3033 3661
739 973
739 666
739 2025
739 2941
1301 1302
1301 176
176 2899
176 2900
176 2901
176 2277
176 2902
2899 973
2899 2913
2901 3812
2277 1092
2277 2276
1735 1733
1977 1978
2334 2787
2335 2696
1079 973
2336 918
2336 3462
2336 2519
2336 3381
3666 838
3667 901
1586 1587
2028 785
188 1825
188 2347
188 878
188 638
878 2444
2421 325
299 1705
299 2651
299 3369
299 216
2423 2012
2423 2080
2424 870
2424 2608
583 42
583 17
606 471
606 560
710 1932
710 3306
2556 2343
2556 2481
1310 2761
1310 3044
3396 973
2549 3532
2549 3357
2549 3358
2549 2788
2549 3394
1603 462
1603 1604
1603 1606
1603 623
1603 209
1603 1607
1011 670
1011 1643
939 1901
939 1513
939 374
939 3562
2634 1032
2634 2633
300 19
300 814
2167 2164
2167 42
2875 1433
2875 2876
2875 2877
2875 2878
332 510
332 471
447 2299
3422 1551
3422 3322
3422 3423
778 625
778 572
3322 1592
3322 1599
3322 3321
3322 3555
2414 1537
2414 973
2414 3879
1510 834
1510 1512
1510 1513
2022 2021
2022 3458
2311 3302
2311 3079
2311 3535
291 582
291 425
2915 3053
1315 1316
1316 1540
374 3534
374 3746
374 3611
2868 1620
2868 1895
2868 2295
2868 3054
2868 3358
2868 3876
1025 677
1025 26
1025 218
1025 652
1025 56
1025 827
1025 529
1025 983
1025 63
1025 238
1025 40
1025 588
1025 769
1025 152
1025 3765
1317 1318
1317 1319
1317 480
1318 1885
1318 510
1319 2010
480 791
480 651
480 123
480 880
480 3756
480 2474
480 3892
510 610
510 3143
510 3144
791 2499
651 123
651 3155
123 1812
123 1088
123 3142
123 383
123 3556
123 3557
123 901
123 2848
123 688
123 2614
123 684
123 961
123 3558
123 3559
123 2151
123 1053
880 1028
880 927
880 517
880 842
880 1105
880 455
3756 2848
2474 1052
2474 3029
522 309
309 3109
309 3776
952 1545
952 435
952 709
952 408
952 950
1320 677
677 745
677 63
1847 2098
1847 2291
1847 512
1848 1594
1848 3283
1333 1332
745 1566
745 1569
63 325
389 1092
389 1322
389 1323
1092 209
1092 3022
1092 753
1322 2491
1393 2520
1395 3274
1397 3168
1398 1421
1398 1891
1399 1411
1399 2116
864 3491
864 1619
864 2505
753 2085
2491 1816
1325 1326
1325 1327
1326 3378
1326 830
1327 2794
3378 2403
830 2527
2794 2795
1328 1329
1329 2580
1329 2953
2580 927
2580 3180
2580 3271
2580 2953
2953 2952
1330 1019
1019 531
1019 1110
1019 982
531 1401
531 2850
531 982
1110 982
1110 1637
448 2572
1020 3473
590 1029
590 475
590 903
2060 295
2060 2059
1566 2299
1566 3282
1566 3196
277 586
951 670
951 3528
951 998
862 1383
862 869
862 401
862 2547
2866 2865
57 2594
57 3490
994 869
573 3758
1633 1632
1633 973
1633 2863
1633 3767
1058 273
838 3380
838 521
2572 2573
2185 1575
2185 408
2185 2409
2185 2410
2185 2411
1521 2442
1521 973
973 158
973 722
973 457
973 361
973 122
973 3003
973 3168
973 89
973 2747
973 3395
973 556
973 3397
973 3398
973 1059
973 579
973 3030
973 3399
973 3313
973 290
973 3138
973 24
973 2965
548 1938
345 222
2263 2442
407 3181
407 3092
295 47
295 91
295 2702
295 212
295 168
295 360
295 854
295 2129
295 3325
2264 3351
2264 3414
633 2826
633 3848
633 3849
2025 2024
2025 2239
2025 2068
2025 2071
2025 3669
2025 3788
2503 2502
2810 1344
2810 3161
1673 1544
1673 170
1376 3354
1376 3355
2452 507
2452 3413
2452 3278
2452 3789
1627 3728
3077 3582
1509 507
1509 670
670 1371
670 258
670 2766
670 512
670 676
670 112
670 3411
670 2767
670 3598
670 2201
670 3599
670 3600
395 1052
395 2143
395 3643
1342 1052
1342 1344
1342 1345
1342 1346
1052 2308
1052 2441
1052 94
1052 2470
1052 2103
1052 2471
1052 2473
1052 511
1052 664
1052 2475
1052 324
1344 1451
1344 2024
1344 2239
1344 2363
1344 2811
1344 1653
1344 2812
1346 1699
1346 2664
2103 2102
664 1371
664 3217
664 3191
664 3411
664 3536
664 73
664 2767
664 3594
664 3598
664 3830
664 3599
664 3899
2239 1653
2239 2240
2363 2364
2363 2365
2811 400
1653 3151
1653 2365
1653 2738
2144 856
2144 2087
2144 2223
2144 983
1115 19
652 766
652 2996
652 626
652 983
19 26
131 2252
238 325
1618 1619
1460 1457
1460 3868
427 524
934 1620
934 1621
211 3377
1060 2206
1356 1743
1743 1742
1743 2790
507 158
507 2450
507 2451
507 2453
2855 2617
2 64
2 1080
2722 1531
1549 1446
1549 1484
1549 1544
1549 2231
1549 1689
1549 2519
192 304
713 375
3075 3174
3075 3373
1727 1620
1727 120
3078 3553
2033 1528
1028 1713
1028 1943
1028 2079
1028 842
1028 2080
1028 2081
1028 301
1028 2082
655 498
1769 3309
1769 47
304 1372
304 2012
304 3746
2073 400
2073 3399
1359 1360
1359 1361
1364 1744
1364 89
1364 1998
2770 3618
2771 1762
2771 290
354 925
354 3265
354 3352
297 3054
1477 1478
1477 1479
1477 1480
1370 2218
1371 2790
1372 1537
1374 3206
1374 3207
1374 520
1374 3208
1443 1444
637 450
637 498
707 2956
1770 3686
1770 3660
1770 3342
1771 1008
128 928
1408 1403
1408 1762
1762 393
1762 2332
1762 271
1762 216
1774 3891
2218 2225
2218 2734
275 693
275 2780
275 2960
520 432
520 2927
520 446
520 3609
520 3610
520 119
520 226
1795 2331
1795 2419
1901 1900
1513 1572
1513 887
1513 3439
1513 1592
3562 125
2067 2183
36 433
36 820
2657 3189
28 1479
28 1081
28 3495
3559 2157
3559 2614
3260 3148
1547 1446
1547 2480
3138 3336
153 826
3337 3503
3337 3505
802 2101
1383 1384
1384 2789
1384 3483
1384 2439
1384 3730
1384 3731
1384 2289
869 3196
2547 2546
2789 403
3731 2449
1385 1420
1386 1939
1386 47
462 1948
462 3563
1388 3688
1420 1415
1420 3632
47 1490
47 681
47 1834
47 2059
47 2122
47 2515
47 3457
47 3238
47 3346
47 3840
47 1037
47 372
158 1117
158 122
158 140
158 1837
158 579
1461 2863
1461 2725
1789 1985
1789 1932
1788 1416
1788 1494
3274 3490
1891 302
1411 1117
2505 2504
2505 3131
2505 3792
2241 2242
1400 1401
2059 2062
2059 2063
1899 850
1899 2187
1899 2570
1899 2571
2515 2514
2027 2026
3326 1880
1726 1494
1726 120
1032 1593
891 941
891 567
2798 2708
3329 1480
155 1831
155 373
155 420
1809 2191
1809 2801
2948 1674
2948 2451
1403 1404
1403 1407
1403 318
1403 1410
1404 2216
1404 2554
1404 756
1404 2555
1407 2730
318 501
318 2031
2216 2217
756 2805
756 2929
756 3553
2555 634
2730 1493
501 512
2031 3789
1117 801
1412 1413
1413 1746
1413 3026
1413 3027
742 1657
742 1658
1088 709
342 3357
2848 3662
2848 3713
2848 3358
2614 2613
2728 1888
3474 2954
1415 1416
1415 1418
1415 1419
1416 1544
1416 1671
1418 1543
1418 1544
1419 1763
1419 1580
1544 1446
1544 1671
1544 1674
1446 1543
1446 1545
1446 1548
1545 1577
1545 1890
2480 2343
2480 2715
2480 2849
2480 3099
2480 603
2480 2603
2481 3220
1763 1580
1580 1577
2991 2992
1926 1924
1926 2613
1926 3484
3535 2642
638 1053
638 663
638 718
2005 2307
2006 2775
2006 2882
2006 2883
2006 2884
2006 2885
1430 3154
1432 1433
1433 1949
1433 1570
1433 3681
1949 1950
1949 373
2140 1480
2651 1528
2651 2652
2197 1480
2197 2196
2197 2703
2197 2704
2740 2741
1486 2940
2949 2950
2159 2158
2159 2344
2747 2746
2854 1459
2179 1635
2179 2178
2179 3110
2179 3126
2179 2469
2179 3607
2179 3608
598 1562
598 1081
598 2175
598 2381
598 2977
2012 2249
3829 2826
1437 1438
1676 1677
2911 2912
355 2923
355 3255
355 3256
1880 2435
784 3509
504 1542
504 375
2721 3668
3518 3529
2799 2708
2378 2377
1466 1462
1541 457
1541 2152
671 1440
490 2098
1441 1442
1442 2939
1442 1729
1729 2995
1729 3141
1577 1579
1577 1582
1577 1583
1577 918
1680 1681
2168 1021
2349 1478
1579 67
3481 3390
3660 3085
1938 3285
1681 3343
1681 3172
860 1450
1042 1592
1042 2172
1042 2376
254 1711
254 433
3626 2926
3626 688
3204 3058
3613 3843
3613 3686
2462 271
2935 3043
3143 3412
259 3404
136 3144
3377 3766
3377 3744
928 2431
928 2432
3389 3420
3392 2913
3392 3114
3358 1895
3358 2380
3358 2788
3358 3054
3358 3532
3358 3698
3636 1494
3636 2237
3199 1931
3199 1995
2891 2890
3823 3767
1457 1458
1457 1459
1459 1594
1594 1593
1594 208
1594 2163
122 579
140 579
2725 3149
1462 1463
1462 1464
1462 432
432 3574
432 887
432 446
432 226
887 428
446 147
446 208
446 285
446 264
1468 1469
2947 2451
2947 3568
3114 3784
1472 1473
1473 2447
1473 3102
1473 2205
1473 1505
3102 260
1505 1504
941 567
2079 3644
2079 2453
1944 1931
1944 1943
1944 2440
1944 3097
2531 3292
3079 1551
3079 3554
3740 1834
3740 3739
1963 263
2138 2139
2384 2383
892 1478
892 3151
892 629
1928 1684
1928 2483
1928 910
1928 3108
1928 3361
1022 160
160 910
160 437
910 437
910 2654
437 660
1478 2443
1479 629
1480 691
1480 3718
1638 724
2187 3638
2189 264
2190 3302
2190 3671
2443 3298
629 1085
629 362
629 336
691 2595
691 469
1482 2540
3036 1600
428 150
428 1931
428 2562
3037 3335
2540 1494
1483 1484
1484 2718
1484 2143
2718 2616
2718 3050
2718 3056
2718 2826
2143 2014
1489 1703
1490 2710
850 493
3048 493
3353 493
1703 1702
2710 2709
2710 3805
1655 1656
1492 1493
1492 1494
1492 1497
1493 2519
1494 350
1494 1105
1494 3753
1497 2373
2519 966
2519 582
1498 898
3313 2600
3313 119
3313 3780
471 3286
2156 2155
2898 1692
2898 3308
3571 2129
1504 200
200 669
2176 2175
2176 3764
258 607
258 2673
2766 2767
512 2653
2201 2199
834 2759
1512 3187
2783 1896
3187 1707
1572 1592
3439 3448
1865 2942
1865 3347
3534 3285
749 1081
749 2699
2163 2685
2163 3639
1516 1517
1517 2993
2809 1538
2809 2995
1518 2726
59 1520
59 26
1520 3537
26 56
26 152
2278 2279
2578 3710
1569 3167
3537 2924
1008 3086
2442 2514
2442 2661
2442 3217
2442 2535
2553 2552
2553 2686
1524 1525
2444 2791
403 1654
403 315
403 234
1531 1599
722 210
1085 3112
1085 603
1712 1826
315 2501
1599 1598
210 3432
1601 1602
1535 2331
1536 2700
1536 2208
1538 3131
1539 2988
1759 1758
2331 2974
2700 1005
3131 1827
3131 3130
3131 3196
901 3133
1053 2260
1053 530
760 1690
760 899
1684 2121
1684 2617
984 2668
2655 2972
899 2630
3671 3673
709 2607
457 2152
457 2153
3085 3804
375 120
375 16
375 82
1674 2393
1844 1843
3126 3452
2908 2625
2908 3547
2908 3575
1637 1636
3127 2518
2359 2360
2231 2230
2231 2588
2231 3853
1689 1688
1689 3593
1550 1551
1551 3820
1551 3859
3820 244
1559 3755
2494 2587
555 2454
555 174
603 433
603 540
603 2630
2041 250
450 695
2694 2870
2695 3086
2603 966
2299 2300
3196 3195
3609 3711
2004 701
2004 2003
1574 2130
918 2878
918 1018
2221 3702
2130 2131
2130 2132
367 231
3620 3669
3620 3839
2591 810
3508 3286
3080 1800
966 180
966 2602
738 392
738 2825
2298 2297
384 925
988 1031
1031 3335
1031 1069
1903 2177
2180 2181
180 260
145 546
145 900
145 870
145 214
373 870
373 2326
373 3285
73 525
66 3568
1069 1005
249 2096
249 271
3637 2610
3637 2926
2000 1999
208 3851
3015 3604
1598 1600
1602 3351
1602 2129
1602 3360
1602 3675
2129 3719
3360 3359
3675 2183
1606 3513
1606 3514
623 2853
623 231
1607 195
1716 1690
1716 3345
387 1758
387 370
231 630
231 3893
195 724
2709 2711
2214 724
3385 3384
3761 2636
3761 3760
3103 2527
1608 1610
1610 2579
1613 1037
2982 2983
3444 3442
1037 3790
2610 1800
2610 2609
2166 3293
2166 2699
2166 3132
1620 2035
1620 2748
1621 1634
1621 2768
1634 681
1634 1635
2409 2602
2253 2731
2955 1818
2964 2963
3745 3668
2690 2440
2690 2691
2597 2596
2751 2404
2924 2923
3256 3089
214 433
3821 3219
3821 3479
405 478
405 608
1818 2567
1823 3833
1824 434
1825 2487
666 2980
666 2015
1931 1930
1931 3006
1931 3198
1931 3200
1931 1995
681 311
724 2212
724 2213
724 1640
724 2215
1641 3343
2212 2448
2212 2449
2213 2804
2792 2070
2792 2793
1080 3743
2119 358
290 3554
1650 2782
1650 3153
1650 3182
1650 3729
1650 3749
1650 3780
1650 3640
3749 3750
3640 3178
3397 3538
1059 3194
2965 2963
2365 2404
2365 3058
2738 2735
2738 3510
1656 2139
1656 3826
1999 2001
1662 1660
923 3663
2375 3490
2375 3836
2302 104
2302 264
1660 1661
1660 659
1660 875
1660 1663
1660 1664
2662 3429
938 274
1054 754
553 244
2990 2882
3016 3017
3060 3831
2460 1692
2460 271
3171 2398
3070 3890
2518 3185
2518 2625
2393 2392
1800 1796
1800 2609
409 2445
610 2164
2617 3409
1691 1692
1694 2154
1694 3295
1002 3744
3295 3294
1704 1705
1706 2388
1710 1711
2526 285
1826 1827
1713 1858
1858 1857
250 3485
370 1785
347 362
347 2827
3183 2804
3183 3566
3602 3292
1972 1971
2285 3116
1724 1725
1724 129
129 255
129 372
372 1933
120 48
2995 3408
3141 3747
3308 3445
3427 2826
1733 1734
2051 2191
2051 524
2051 2632
2052 2620
3189 3864
3441 2960
18 874
18 433
433 391
433 820
433 986
391 2630
820 2630
820 540
1751 1752
787 1081
271 1942
271 974
271 2455
271 1029
271 2456
271 2458
271 2459
271 1004
271 2461
842 3467
842 2415
3891 3724
1796 1797
1796 1799
1778 2864
234 3148
234 3694
2123 2124
1787 2357
2357 3264
600 2078
600 845
600 64
463 1966
463 996
1792 2992
1793 1892
1932 3073
1932 3682
2078 2431
1966 2632
1966 2872
996 362
996 336
1892 1894
1892 1895
1797 1799
1799 2056
2056 2057
2056 2058
2609 2611
1850 1856
218 2468
218 2565
218 983
1854 2639
3739 1834
1808 2398
2398 2659
2398 3550
2398 3580
2398 3581
2191 2192
696 302
302 3166
2445 3419
2567 2568
3035 3034
3763 3663
2487 2489
2487 2490
1827 3130
1828 1829
1829 3086
3086 3615
3086 3616
1830 1831
1831 2566
1831 3029
3029 1836
3029 3387
2032 2226
2032 2294
3840 3841
2389 2390
2291 2292
2291 2294
2291 2295
2468 2469
2565 983
983 827
3264 3653
766 827
766 529
2252 2249
2639 2636
969 3071
562 2296
2689 3098
2135 2137
2137 2692
2137 76
3284 3285
3019 3018
3560 3561
2981 2979
2981 3673
2157 2155
2913 3038
2913 3548
769 827
769 325
2206 3713
2207 2906
3278 3789
2164 2404
2086 3647
2087 40
2087 3156
2260 2261
2596 2598
2596 125
3456 3796
1881 1883
3426 3425
1887 1888
1887 1889
1888 2970
1888 3121
1889 2446
1895 2773
1895 3357
1895 2417
1895 3054
1895 2295
1895 1997
1997 1996
1997 2292
1997 2380
1997 3727
1997 2295
1997 2788
2788 2036
2788 2039
2788 3054
2788 3727
2788 3770
2788 3715
2773 2036
2773 2772
2773 3446
3357 3449
2417 2292
3054 2416
3054 3301
3054 3532
3054 3713
3054 3714
3054 3715
985 1896
2085 2083
2085 3672
2085 3897
3002 2568
540 2630
2570 3651
2570 3652
2568 3307
168 854
3082 3350
2980 2979
673 481
3611 2921
2686 2685
260 3569
3108 3107
617 2945
3006 3005
3198 3463
1995 1994
3682 3683
3682 3684
1933 1934
3285 3511
1941 1942
653 286
104 147
286 2599
2440 3129
3097 3511
546 657
657 2659
900 2659
2659 2658
2659 420
2659 2786
2659 2787
3325 3219
3584 3583
1965 2826
3669 3670
1973 1974
1983 3162
3365 3366
2406 2407
3352 2703
2292 2039
2292 2416
2380 2379
2885 3806
42 468
2249 2251
2226 2225
2294 3340
2037 2396
2396 2395
3001 3000
2042 2043
2043 2541
2049 2050
2050 3464
2050 3738
524 340
903 3615
125 2870
125 3499
2075 2077
2431 3299
147 119
2415 3058
3092 3524
3092 3525
3897 3898
3156 3157
2100 2805
2805 2806
3376 3471
3376 3472
2699 2698
2699 2791
2699 3492
2699 3706
2699 3809
2111 2115
3603 944
3042 3043
2124 2482
2131 2132
827 95
827 529
807 2561
2141 2142
2142 3323
3323 3670
2149 3367
2158 2160
2158 2161
2161 3708
2161 3466
2344 2345
2344 2346
3466 3465
3466 3769
2404 2402
468 3275
2381 2379
2977 2976
2410 2851
186 729
265 420
3302 3301
2193 2194
2588 481
2430 2429
2199 2200
3713 3770
2448 3402
2448 3798
2449 3815
2217 3655
2225 2227
2242 2594
2594 2945
2243 886
2484 3218
2484 3219
2731 2732
2731 2733
2455 2557
3273 3862
2637 2638
3118 3594
3148 3147
974 2296
3190 3578
3190 3880
3597 3573
2312 2313
2312 2314
2312 2315
2314 2345
2315 3884
3884 3885
2625 3567
2974 2975
3381 3380
2340 2341
2341 3240
2341 3643
2342 2343
2343 3750
2350 2351
2351 2622
2622 2623
508 1017
1017 2466
2780 2781
380 2800
3550 3549
244 729
425 92
2402 2403
3245 3244
3245 3418
2535 2534
3219 3726
2489 3038
2489 3164
3038 3039
3164 3163
2587 3779
2874 3194
2742 2743
3476 3866
285 3072
3088 3087
3088 3631
3651 3652
3710 3155
2945 2946
2599 2600
3622 3799
3623 3155
2658 2660
2680 2681
2681 3674
3805 3860
2712 2713
2712 2714
2713 3526
3526 3576
3050 3049
3149 3150
2733 3724
2735 2736
2735 2737
3159 3158
3715 3782
467 54
3203 3387
3291 3290
3266 3400
54 3723
2912 3438
3053 3052
3053 3489
2920 2921
2921 3115
2927 2928
2928 3857
2952 2954
3673 3854
3018 3020
3387 3388
3039 3691
3087 3089
3089 3785
3784 3783
3452 3697
3566 3565
3726 3725
3286 3420
3241 3242
3315 3317
3705 3834
3442 3443
3866 3865
3549 3551
3549 3552
3572 3573
