560 606
606 471
606 527
471 332
527 417
527 513
527 445
527 855
527 32
527 1051
527 13
527 583
527 710
527 430
527 596
1072 534
1072 689
534 417
534 473
534 733
534 824
534 168
534 265
534 43
534 924
534 773
534 62
534 38
689 648
689 536
689 133
689 890
689 185
689 38
417 366
417 137
417 429
417 319
417 306
417 846
417 513
417 736
417 378
417 748
417 41
417 824
417 107
417 1078
417 946
417 43
417 841
417 419
417 62
417 79
417 206
417 611
417 514
417 113
473 295
473 1094
733 824
824 146
824 1038
824 381
824 506
824 946
824 924
824 229
824 587
168 295
168 1094
265 62
43 62
924 1038
924 377
62 186
62 181
62 644
62 876
648 585
648 539
648 876
536 599
133 295
890 185
869 351
869 862
351 23
351 67
351 35
351 328
351 862
351 342
351 538
862 993
862 401
328 993
328 105
328 902
993 757
993 338
993 277
993 1107
993 835
993 913
993 57
993 1103
993 169
993 376
993 994
993 401
993 15
993 539
993 127
993 573
993 848
993 444
993 951
993 65
993 868
993 75
267 156
156 482
156 3
156 782
156 939
482 740
3 746
3 758
3 495
3 183
3 126
3 90
3 678
3 805
3 202
3 1001
3 164
3 1076
3 667
3 189
3 747
3 240
782 514
782 1114
782 859
782 269
782 1082
782 74
782 488
939 514
909 711
711 828
711 1094
711 906
711 576
711 445
711 248
711 942
711 166
711 933
711 935
711 46
711 193
711 406
711 535
711 781
828 485
1094 295
1094 91
1094 772
1094 356
906 593
445 611
445 804
445 139
445 855
445 721
445 641
445 833
445 682
445 542
942 14
942 931
942 1077
942 50
942 341
942 1103
942 166
942 761
942 830
942 1038
942 515
942 106
942 933
942 208
942 706
942 87
942 444
942 2
166 381
166 1114
166 159
166 357
166 506
166 115
166 456
166 1101
166 558
166 714
166 761
166 692
166 533
166 811
166 278
166 627
166 346
166 1006
166 832
166 227
933 632
935 904
935 960
935 936
935 509
935 1043
313 316
313 594
313 744
313 394
313 757
316 792
316 949
316 134
316 958
316 438
594 829
744 115
744 856
744 58
744 83
394 1113
757 991
757 519
757 1038
757 698
757 953
757 981
757 116
757 106
757 706
757 75
757 618
949 692
958 505
958 484
958 528
958 932
958 997
115 884
115 564
115 853
115 454
58 346
58 990
58 250
58 987
1113 196
519 706
519 848
519 1103
1038 14
1038 1073
1038 1080
1038 848
1038 779
1038 444
1038 868
1038 644
953 434
953 388
953 290
116 393
116 620
116 549
116 702
106 14
106 1058
106 566
106 355
106 317
106 515
106 105
106 800
706 14
706 840
706 558
706 798
706 763
706 199
706 972
75 515
75 25
617 103
103 372
372 893
372 129
372 371
135 746
135 563
746 957
746 734
746 934
746 752
746 1060
746 312
746 895
746 0
746 211
746 1000
563 350
957 674
957 1085
957 308
957 45
957 603
957 717
957 77
752 533
752 74
0 376
0 719
211 101
350 578
188 878
188 638
188 879
878 879
638 663
638 790
638 718
638 1053
879 299
879 601
879 723
879 841
879 865
879 605
663 790
790 1053
1053 530
299 861
865 366
865 789
865 476
865 440
865 861
865 1090
605 465
605 22
605 311
605 257
226 432
432 887
432 1103
432 446
432 520
887 877
887 337
887 428
1103 868
1103 147
1103 520
1103 409
446 147
446 825
446 520
446 285
446 264
40 1025
1025 63
1025 827
1025 529
1025 152
1025 769
1025 652
1025 218
1025 983
1025 238
1025 107
1025 56
1025 588
1025 677
1025 26
1025 251
63 276
63 287
63 677
63 325
827 766
827 769
827 983
827 95
529 766
152 26
769 325
652 280
238 276
238 325
56 26
677 276
677 287
677 280
26 59
26 19
462 146
146 1114
146 48
146 585
146 142
146 176
146 587
1114 1099
1114 595
1114 1074
1114 896
1114 997
1114 687
1114 692
1114 978
1114 163
1114 34
1114 284
1114 303
1114 269
1114 1109
1114 587
1114 240
48 120
585 1087
585 621
585 849
585 705
585 388
585 339
585 72
585 545
585 857
585 102
585 233
585 305
585 627
585 237
585 796
585 735
585 848
585 327
585 959
585 747
142 126
176 492
587 424
587 269
587 788
587 692
587 505
587 797
587 1033
14 931
14 1058
14 972
931 972
1058 273
1058 962
972 377
972 55
972 989
972 213
972 1029
972 763
972 917
972 955
962 868
962 232
962 1047
962 921
761 1092
761 533
761 87
761 368
761 490
515 1078
515 343
515 916
515 784
515 397
515 866
515 1095
515 305
515 499
515 247
515 1032
515 537
515 767
515 694
515 745
515 444
515 395
208 840
208 848
87 898
87 302
444 868
444 397
444 409
444 554
2 714
2 321
2 1080
2 64
1073 369
848 369
848 277
848 558
848 989
848 409
848 241
868 343
868 232
868 33
868 241
644 539
644 863
644 817
644 187
105 876
840 343
840 10
840 181
840 481
840 199
558 202
558 485
558 692
558 749
558 853
558 240
558 980
558 930
558 614
798 763
763 468
199 794
199 923
377 366
377 326
377 1101
377 851
377 943
377 104
377 680
55 77
55 486
55 1071
55 590
55 768
55 649
55 293
55 190
55 1007
989 25
989 916
989 1011
989 426
213 849
213 539
1029 714
917 863
917 1063
917 157
917 181
917 363
955 730
900 145
145 1087
145 870
145 546
145 214
1087 988
1087 73
1087 155
1087 714
1087 180
1087 97
1087 373
1087 66
870 373
546 657
214 433
758 202
758 929
202 968
202 929
495 894
126 262
126 1084
90 171
90 674
678 464
678 81
164 508
164 667
1076 178
747 253
747 431
747 93
747 831
747 322
240 507
240 641
240 825
240 297
240 354
240 1093
240 837
968 876
470 485
485 557
485 661
485 783
485 29
485 281
485 614
485 374
557 783
557 239
557 96
557 888
557 704
783 27
783 1111
783 441
783 643
783 965
783 1101
783 96
783 461
783 888
783 789
783 547
783 609
783 37
783 29
783 74
783 80
783 624
783 379
783 704
783 239
29 640
29 25
29 704
29 872
277 586
1107 726
169 1083
376 846
376 448
15 1116
539 492
539 181
573 232
573 547
951 670
951 998
283 390
390 668
390 569
390 423
390 266
569 403
171 822
822 27
822 483
27 1111
27 404
27 335
27 1014
483 956
497 381
381 209
381 885
381 789
381 278
381 948
381 220
381 45
381 1030
381 780
381 1043
209 1092
885 759
789 640
789 411
278 357
220 807
45 1040
45 294
780 852
780 195
366 640
366 37
366 845
366 387
366 653
366 196
366 170
319 1068
736 136
736 332
748 348
41 385
419 875
611 332
611 510
514 198
514 1101
514 162
514 622
514 956
640 505
640 725
37 1101
37 624
845 600
387 370
653 286
196 77
196 236
196 956
196 1109
1068 292
332 510
332 908
348 505
186 729
181 959
181 245
181 30
876 568
876 580
510 610
198 1032
1101 624
1101 25
1101 49
1101 604
1101 851
1101 815
1101 219
1101 1012
1101 639
1101 956
1101 246
1101 704
622 717
622 722
622 20
956 1031
583 17
583 42
1092 753
1092 389
1092 479
603 433
717 518
717 500
77 943
77 776
77 149
1040 788
433 36
433 18
433 391
433 413
433 986
500 507
943 5
943 289
943 679
943 69
943 149
943 1034
776 179
776 864
149 912
149 71
149 575
149 979
659 1003
659 154
1003 1054
1003 160
1003 358
1003 154
1003 754
1003 205
1003 867
1003 973
154 1054
154 358
154 754
154 973
1054 754
160 437
160 1022
160 910
867 690
867 151
973 158
973 457
973 604
973 290
973 579
973 894
973 1059
973 122
973 89
973 24
973 722
973 101
973 556
973 361
437 660
437 910
151 230
151 709
151 1061
158 1117
158 507
158 140
158 579
158 122
158 871
604 541
604 491
604 47
579 122
894 899
894 760
894 984
89 639
722 210
728 486
486 818
486 977
486 937
486 597
486 755
486 233
486 821
486 1097
486 4
486 911
486 1044
486 1096
486 1007
486 816
486 68
486 175
977 53
597 630
597 1007
821 111
1007 523
68 125
85 179
128 976
128 928
976 159
976 1104
976 224
976 282
976 963
976 707
976 952
928 159
159 1104
159 940
159 307
159 235
1104 215
1104 118
224 216
224 963
224 880
282 118
282 634
282 637
282 669
282 408
282 1057
282 1008
282 1045
282 200
952 612
952 709
952 408
952 950
952 435
295 464
295 91
295 854
295 360
295 212
464 548
464 916
464 472
464 345
464 570
464 70
464 954
472 732
345 222
737 253
253 990
253 315
253 346
253 496
990 346
346 727
346 581
346 825
346 615
346 987
223 424
223 1062
424 505
424 692
1062 505
1062 1015
1062 177
1062 692
1062 284
1062 269
1062 907
505 484
505 775
692 314
692 203
692 810
692 456
692 86
692 768
692 399
692 117
692 1042
692 442
692 565
692 124
692 812
692 411
692 550
692 919
692 174
692 903
284 256
284 254
284 8
284 130
284 609
284 904
284 712
284 860
269 303
269 1009
269 859
269 889
269 516
269 764
269 1066
907 547
907 532
907 402
907 771
899 760
73 525
73 489
155 420
714 944
714 64
714 1075
180 97
180 260
180 966
97 108
97 803
97 724
97 799
97 743
97 1010
1099 978
1099 163
1099 303
978 685
978 451
163 971
303 971
303 615
595 809
595 52
997 532
997 320
997 1024
687 1111
687 7
687 1033
1109 971
451 971
451 296
451 150
451 785
971 675
971 785
971 750
615 970
658 1071
1071 452
1071 531
1071 421
1071 427
1071 836
1071 369
1071 646
531 982
531 1019
427 524
836 121
369 528
369 11
369 301
6 330
330 386
330 52
386 184
337 191
428 86
428 150
428 682
428 207
191 173
191 561
191 897
86 778
86 1067
86 625
86 221
682 918
682 344
682 194
276 886
276 131
276 132
276 287
276 945
276 413
276 626
276 99
287 300
287 132
287 537
287 626
413 581
413 540
413 820
300 814
280 1102
1009 859
1009 217
1009 813
1009 243
1009 466
859 882
217 416
466 683
416 544
889 770
516 78
683 31
683 318
683 670
683 258
388 415
985 731
731 880
731 842
731 1
731 589
880 842
880 589
880 927
880 517
880 1105
880 455
880 480
842 612
842 884
842 1028
1 410
1 589
1 329
1 905
1 686
589 612
589 88
589 268
589 1098
589 1026
589 144
589 823
589 742
589 69
589 1010
425 92
92 343
343 1048
343 834
343 819
343 439
343 396
724 544
724 261
724 195
1010 383
621 577
621 449
449 552
552 533
552 636
552 699
552 197
339 730
102 959
102 468
305 25
305 33
305 409
735 1031
735 1069
735 42
959 541
959 261
708 612
612 410
612 123
612 666
612 414
612 88
612 76
410 964
410 268
410 914
410 228
410 881
123 901
123 684
123 688
123 961
123 651
123 1088
123 480
123 93
567 891
891 609
891 1046
609 335
609 271
609 80
609 720
1111 404
1111 100
1111 382
1111 1014
1111 239
404 431
404 1039
404 571
335 456
335 469
382 804
382 182
382 1036
239 74
441 574
441 624
441 25
643 25
643 230
965 96
96 547
96 461
461 904
547 232
74 379
74 693
80 379
624 25
624 467
624 412
379 533
379 610
456 309
456 541
456 756
469 691
481 673
395 31
232 786
232 321
61 492
492 703
492 966
492 892
492 384
492 995
892 1091
384 925
118 669
118 844
533 893
533 476
533 442
333 543
543 242
543 858
543 323
323 405
323 608
853 590
853 793
853 980
853 930
853 1052
853 1116
1050 262
262 802
262 153
262 826
262 926
262 98
153 826
326 270
851 25
851 286
104 147
680 838
600 143
600 270
600 64
236 633
440 1090
861 1090
801 1117
1117 458
458 44
982 1110
982 1019
1110 1019
964 1056
268 436
268 672
268 110
268 881
268 365
268 1035
881 672
893 443
442 812
129 255
371 225
371 741
788 261
261 1021
261 353
1064 260
480 791
480 93
823 234
823 460
709 654
904 675
712 296
119 147
630 231
231 623
231 367
729 244
768 883
399 359
399 109
399 645
812 843
812 922
919 809
919 751
919 1089
919 344
903 613
7 468
804 947
804 139
804 459
765 121
121 498
121 555
121 304
498 655
555 716
304 192
695 450
450 637
302 696
302 221
522 349
522 309
1081 598
1081 28
1081 787
1081 749
292 581
574 808
25 138
25 204
25 409
544 400
996 362
996 463
996 336
362 629
362 347
336 665
336 629
347 489
221 39
484 528
484 301
484 331
484 477
484 392
484 738
484 715
528 715
331 932
797 551
797 398
11 524
18 874
1057 334
1045 739
1045 873
726 992
726 631
726 263
726 806
726 562
726 969
1108 5
5 364
5 650
650 850
650 493
507 21
21 713
279 234
234 403
271 1004
271 1070
271 974
271 249
1070 1027
1070 405
1070 148
1027 148
405 478
405 608
148 310
19 1115
1012 54
246 487
838 521
838 656
31 670
318 501
670 112
670 512
670 676
670 258
258 607
501 512
676 453
590 475
793 201
980 930
1052 141
1052 967
1052 511
1052 664
1052 324
1052 94
541 252
491 730
491 777
47 681
47 487
47 494
593 1020
581 592
568 380
602 502
502 322
329 905
905 1002
732 1041
197 51
259 863
863 1063
863 60
863 9
863 616
863 582
863 908
863 553
1063 999
616 1106
582 291
524 340
635 1086
635 288
1086 918
1086 1018
1086 288
1086 642
1086 920
1086 407
918 1018
584 245
245 915
245 1049
915 1049
334 161
825 165
987 114
459 526
459 167
730 84
730 1023
730 422
641 503
641 12
542 447
542 1013
938 697
938 274
697 1100
1100 141
1100 975
975 511
508 1017
713 375
786 647
786 321
321 839
321 941
321 1037
201 418
120 375
999 1055
363 691
1055 795
693 275
298 864
681 311
494 474
494 671
494 272
967 774
71 1079
71 1016
778 625
778 572
1067 625
625 172
1031 1069
1031 847
30 673
509 700
375 82
375 504
375 1112
375 16
468 42
1065 296
296 701
402 662
770 619
352 843
843 559
591 184
1106 762
628 380
1069 1005
