247 1033
247 57
247 357
247 691
1033 577
1033 196
1033 249
1033 357
1033 691
1033 813
1033 91
577 57
577 659
577 357
577 33
926 182
926 89
926 490
926 702
926 198
926 582
926 893
926 1042
182 673
182 986
182 799
182 1011
182 223
182 307
182 767
182 490
182 340
376 843
376 769
376 55
376 162
376 275
376 338
376 806
376 637
376 1001
376 987
376 360
376 258
376 810
843 360
843 807
843 483
843 197
843 806
843 810
843 1027
843 496
843 1001
843 967
843 162
843 338
843 841
843 987
795 618
795 733
795 559
795 954
795 72
795 208
795 421
795 207
795 714
618 733
618 52
618 1007
618 576
618 644
618 1015
878 489
878 1013
878 994
878 217
878 380
878 552
878 859
878 227
878 447
878 632
878 877
878 372
878 608
878 183
489 426
489 994
489 608
489 632
489 183
489 864
489 859
489 993
489 740
489 517
489 1013
994 859
994 426
994 993
994 650
994 877
994 740
994 1013
994 552
994 1041
994 864
994 632
994 90
994 447
994 997
994 669
994 458
994 309
859 217
859 552
859 632
859 608
859 864
859 740
859 90
859 669
859 220
859 1013
361 589
361 42
361 820
361 372
361 353
361 172
361 605
361 903
361 741
361 939
361 954
361 808
361 516
361 551
361 49
361 210
589 605
589 921
589 663
589 1005
589 353
589 1032
589 408
589 424
589 372
589 419
589 973
589 704
589 548
589 242
589 250
589 695
589 845
589 771
426 877
426 740
426 1041
426 183
426 889
426 227
426 706
426 90
426 220
699 984
699 593
699 228
699 130
699 833
984 833
984 130
984 178
984 143
984 593
984 180
984 517
984 228
262 952
262 9
262 987
262 320
262 1027
262 122
262 360
952 107
952 109
952 900
952 91
952 1036
952 125
952 260
952 647
952 643
952 517
952 378
952 998
952 694
42 903
42 969
42 738
776 174
776 768
776 35
776 848
776 541
776 956
776 149
776 341
776 290
776 285
776 464
776 359
776 454
776 104
776 757
776 876
776 356
776 827
174 541
174 341
174 104
174 71
174 285
174 464
174 529
174 68
174 2
174 768
174 583
174 152
174 724
174 290
174 621
174 101
174 876
57 357
57 659
57 540
57 126
57 33
57 158
57 1
972 245
972 404
972 999
972 1019
972 870
972 792
972 609
972 471
972 694
972 281
245 657
245 752
245 147
245 981
245 1010
480 47
480 518
480 310
480 362
480 178
480 60
480 129
480 474
480 898
480 133
47 97
47 901
47 495
47 590
47 333
47 565
47 60
47 392
47 563
47 12
518 557
518 465
518 832
518 135
518 163
518 51
518 675
518 1003
518 917
518 293
518 834
518 282
518 109
518 200
518 83
518 73
1013 217
1013 864
1013 706
1013 632
1013 183
1013 889
1013 650
1013 877
1013 220
656 855
656 241
656 318
656 1028
656 412
656 835
656 460
656 97
656 425
855 700
855 414
132 947
132 363
132 673
132 157
132 786
132 140
132 590
132 223
132 178
132 239
132 383
132 798
132 310
947 732
947 646
947 831
947 842
947 738
947 133
947 603
947 173
947 797
947 675
947 511
947 188
947 178
947 565
947 640
947 313
947 997
947 872
947 563
947 12
947 310
947 611
917 315
917 684
917 244
917 665
917 726
917 116
315 181
315 230
315 547
315 383
315 820
315 294
315 1015
315 983
315 497
315 17
315 389
315 754
315 559
315 773
315 151
315 188
315 1036
315 533
315 287
315 310
315 639
315 665
363 670
363 911
363 520
363 425
363 302
363 969
363 587
1007 798
1007 181
1007 409
1007 576
1007 812
1007 751
1007 470
1007 383
1007 52
1007 555
798 236
798 983
798 468
798 1011
798 971
798 188
798 56
798 54
798 527
798 1003
798 563
798 12
798 310
798 804
798 891
798 633
798 602
414 394
414 53
414 898
414 218
414 700
414 534
414 945
414 173
414 1000
394 53
394 641
394 429
820 140
820 681
820 236
820 1011
820 294
820 971
820 739
820 8
820 751
820 834
820 874
820 684
820 980
820 177
820 331
820 715
820 172
677 17
677 800
677 663
677 642
677 487
677 304
677 212
677 333
677 420
677 331
677 299
677 396
677 824
677 397
677 102
677 116
677 298
677 983
17 425
17 470
17 628
17 897
17 437
17 152
429 749
429 532
429 543
429 933
429 614
749 136
749 601
749 189
749 74
749 946
310 673
310 157
310 92
310 495
310 831
310 652
310 892
310 173
310 750
310 675
310 138
310 188
310 165
310 563
310 590
310 12
310 565
310 647
310 758
310 178
310 399
310 1003
310 344
310 117
372 475
372 49
372 353
372 419
372 632
372 669
372 650
372 889
372 551
372 704
372 408
372 183
62 1004
62 291
62 122
1004 985
1004 195
1004 422
1004 238
1004 122
1004 955
1004 82
877 217
877 740
877 605
877 864
877 447
877 632
877 183
877 220
146 647
146 248
146 893
146 908
146 107
647 673
647 907
647 547
647 853
647 646
647 59
647 892
647 582
647 188
647 837
647 125
647 474
647 462
647 606
647 554
647 565
860 779
860 396
860 189
779 1031
779 117
779 396
779 151
779 61
153 503
153 868
153 171
153 542
153 351
153 413
503 411
503 542
503 351
503 413
503 868
503 796
868 884
868 327
868 413
868 330
868 796
868 542
868 351
868 516
868 411
868 171
868 826
733 72
733 714
733 682
733 634
733 966
733 870
733 73
733 665
733 934
733 212
733 547
740 217
740 183
740 1041
740 864
740 706
740 220
711 513
711 107
711 785
711 767
711 301
711 658
711 215
711 259
711 988
711 574
711 49
711 165
513 673
513 898
513 772
513 990
513 551
513 341
513 165
241 412
241 388
241 615
241 670
559 268
559 331
559 707
559 151
559 383
559 207
559 437
559 668
559 236
1042 306
1042 895
1042 14
306 25
306 803
306 879
306 144
306 723
306 24
306 395
9 1037
9 913
9 990
768 541
768 423
768 876
768 464
768 35
768 104
768 285
768 270
768 653
768 432
768 68
768 341
768 757
768 827
89 672
89 702
89 766
89 46
89 123
89 693
89 2
89 49
89 913
588 630
588 894
588 511
630 807
630 483
630 197
630 85
630 266
630 806
630 810
630 168
630 496
630 332
630 328
630 872
684 268
684 116
684 87
684 219
684 598
684 727
684 244
684 639
684 121
684 177
684 261
684 103
684 739
684 729
684 212
684 527
684 467
684 670
327 796
327 542
327 596
327 171
796 171
796 413
796 826
796 351
796 542
406 567
406 91
406 869
406 958
406 360
406 218
406 658
406 354
406 721
406 186
406 58
406 997
567 882
567 186
567 545
567 1021
567 687
567 658
567 817
567 680
567 875
567 646
88 474
88 853
88 565
88 1003
88 653
88 435
88 554
88 321
474 596
474 554
474 75
474 444
474 20
474 985
474 606
474 435
474 269
474 110
474 321
181 299
181 754
181 751
181 1015
181 1037
181 4
181 430
181 317
181 52
181 425
181 437
811 482
811 441
811 708
811 881
811 1026
811 719
811 800
811 728
482 881
482 719
482 1026
482 800
482 728
482 401
482 441
482 336
769 360
769 807
769 1027
769 381
769 1001
769 328
769 806
769 967
769 995
769 162
769 338
769 841
769 288
769 332
993 864
993 614
993 98
993 183
993 889
993 43
993 90
993 552
993 1041
993 201
650 552
650 447
650 458
650 608
650 380
650 706
650 90
650 969
55 955
55 462
55 720
55 866
55 510
55 179
55 896
55 787
55 375
55 28
55 599
490 636
490 920
490 663
490 234
490 419
490 46
490 318
490 969
490 49
490 250
490 356
490 581
490 86
35 93
35 848
35 541
35 432
35 583
35 341
35 515
35 968
35 754
35 529
35 724
35 290
35 423
35 104
35 757
35 822
441 728
441 881
441 336
441 1026
441 708
441 719
217 632
217 608
217 864
217 889
217 227
217 706
217 90
217 447
217 517
632 552
632 517
632 183
632 220
632 606
632 120
632 67
162 910
162 268
162 806
162 675
162 170
162 546
162 144
162 81
162 401
608 380
608 864
608 706
608 447
608 67
608 765
608 90
608 220
318 920
318 983
318 893
318 485
318 905
91 643
91 829
91 900
91 923
91 349
91 604
91 51
91 354
91 448
91 200
91 906
708 881
708 1026
708 800
708 728
848 290
848 390
848 541
848 149
848 359
848 100
848 621
848 631
848 71
848 976
848 784
848 101
848 104
275 129
275 671
275 27
275 60
593 130
593 833
593 228
404 999
404 471
404 64
404 792
404 209
357 79
357 33
357 659
357 296
357 691
357 778
357 1
542 369
542 413
542 292
542 849
542 351
542 884
542 330
542 411
542 516
542 171
542 826
285 464
285 134
285 636
285 2
285 649
285 104
285 757
285 451
285 827
285 270
285 724
285 850
285 341
285 876
464 341
464 757
464 827
464 308
464 104
464 2
464 423
464 876
265 260
265 707
265 862
265 25
260 1035
260 314
260 657
260 747
260 759
260 395
260 886
260 161
260 887
260 14
260 485
260 619
260 606
260 626
338 807
338 85
338 806
338 381
338 168
338 841
338 288
338 1001
338 1027
338 328
338 546
338 967
338 995
338 580
338 627
338 556
338 987
736 940
736 937
736 58
736 525
736 773
736 269
736 755
940 231
940 937
940 94
940 142
940 472
940 433
940 211
93 583
93 308
93 1034
93 152
93 964
93 39
93 724
93 71
93 270
93 390
93 423
93 101
93 356
583 359
583 964
583 290
583 968
583 68
583 341
583 876
583 317
248 550
248 300
248 189
248 892
248 103
882 186
882 159
882 124
882 804
882 129
186 687
186 322
186 545
186 502
186 411
186 344
186 216
312 603
312 747
312 504
312 851
603 495
603 842
603 916
603 833
603 511
603 1036
603 330
603 872
603 906
603 1039
603 201
452 7
452 1023
452 154
452 719
452 1000
7 989
7 379
7 402
1023 709
1023 676
1023 84
1023 666
1023 311
1023 783
1023 910
291 277
291 22
291 930
291 570
814 605
814 643
814 625
814 224
814 346
814 830
605 99
605 475
605 335
605 49
605 408
605 378
605 539
605 424
605 1032
605 419
605 973
605 250
605 313
605 1025
605 551
605 46
605 242
605 585
605 560
605 738
1028 835
1028 500
1028 649
1028 97
1028 460
1028 366
833 130
833 336
833 666
308 412
308 101
308 112
308 827
308 2
655 297
655 303
655 305
297 305
297 96
297 109
297 225
297 364
297 912
747 765
747 292
747 193
747 309
747 595
747 504
747 66
747 836
747 203
747 673
1034 1017
1034 661
1034 74
1034 892
1034 964
1034 194
1034 652
884 330
884 516
884 725
884 544
884 934
884 449
498 202
498 190
498 900
498 334
202 190
202 334
202 939
202 991
202 257
202 56
202 861
99 560
99 119
99 290
99 850
864 183
864 889
864 90
864 43
881 800
881 719
881 1026
881 336
881 728
532 223
532 495
532 594
532 304
532 135
532 1031
532 272
532 713
532 340
532 533
380 552
380 227
380 941
380 825
380 67
380 706
380 90
380 517
380 969
380 120
228 320
228 348
228 130
950 320
950 718
950 348
950 938
950 10
950 616
950 817
950 283
950 94
950 673
320 167
320 463
320 616
320 171
32 812
32 682
32 36
32 959
32 633
32 461
32 121
32 763
812 743
812 121
812 592
812 598
812 344
812 59
812 370
812 421
812 574
139 307
139 63
139 18
139 298
307 500
307 253
307 1000
307 384
307 187
307 36
307 922
307 680
307 962
307 975
183 552
183 447
183 669
183 889
987 295
987 258
987 806
987 458
987 381
987 170
987 627
987 360
987 168
987 810
987 61
987 175
987 288
987 637
987 321
360 483
360 438
360 258
360 535
707 803
707 185
707 207
707 240
479 819
479 286
479 173
479 392
479 127
479 481
479 933
479 688
819 127
819 286
819 457
819 481
819 838
819 34
819 723
1026 719
1026 800
1026 728
889 259
889 552
889 447
889 67
743 892
743 960
743 793
743 693
743 358
914 960
914 50
914 782
914 137
914 439
914 628
914 369
914 985
960 615
960 847
960 974
960 701
853 345
853 789
853 444
853 399
853 872
853 344
853 554
596 349
596 143
596 69
596 572
596 892
596 821
596 77
596 439
596 235
409 1006
409 462
409 497
409 239
409 536
409 236
409 963
409 54
409 773
409 574
409 714
409 51
409 890
1006 453
1006 232
1006 983
1006 978
1006 883
1006 704
1006 897
1006 54
1006 751
1006 25
1006 299
1006 1015
576 628
576 437
576 366
576 922
576 19
576 824
462 599
462 896
462 720
462 866
462 510
462 28
299 803
299 470
299 250
299 983
299 897
299 527
299 980
299 751
299 172
299 123
299 397
299 102
299 485
299 430
299 304
299 87
299 484
299 978
299 287
299 639
931 753
931 136
931 572
931 41
931 626
753 803
753 136
753 842
937 472
937 231
937 349
937 418
937 142
937 287
39 71
39 252
39 290
39 888
39 597
39 968
39 621
71 432
71 149
71 876
71 290
71 515
71 964
71 968
71 621
227 447
227 65
227 67
227 552
227 706
227 90
227 517
227 120
152 957
152 390
152 423
152 359
152 10
152 607
152 955
152 432
152 815
152 788
130 885
130 281
504 203
504 145
504 851
504 626
504 674
504 61
504 66
504 867
396 600
396 385
396 682
396 953
396 665
252 975
252 968
252 621
252 101
252 876
252 173
552 1041
552 90
552 220
552 517
552 120
244 268
244 695
244 634
244 329
244 934
244 739
244 954
244 54
244 527
244 574
244 665
244 121
244 771
13 932
13 359
13 850
932 850
932 821
932 82
894 450
894 439
894 925
894 611
894 384
894 511
353 663
353 408
353 424
353 515
353 419
353 973
353 758
353 421
353 223
353 304
353 524
353 551
754 1015
754 913
754 10
754 210
754 816
754 990
754 485
754 861
754 449
754 106
659 33
659 540
659 126
497 470
497 383
497 106
497 983
497 628
497 224
497 329
497 1011
497 971
497 219
497 527
718 378
301 187
301 484
301 449
301 785
301 430
301 645
301 963
301 28
301 934
187 140
187 729
187 494
187 210
187 214
187 408
187 934
136 41
136 543
136 74
136 781
136 427
136 292
893 766
893 198
893 788
893 702
893 582
665 547
665 493
665 188
665 331
665 239
665 971
665 1011
665 682
665 487
665 242
665 116
665 715
665 207
665 282
665 928
665 1036
665 983
121 590
121 592
121 268
121 751
121 701
121 397
121 468
121 739
121 983
565 673
565 495
565 325
565 188
565 331
565 563
565 362
565 276
706 458
706 120
706 67
706 90
706 447
892 673
892 873
892 957
892 611
892 232
892 775
550 78
550 891
807 1027
807 638
807 258
807 328
807 168
807 197
807 580
807 81
807 483
807 810
807 332
807 806
1027 258
1027 197
1027 85
1027 806
1027 637
1027 841
1027 170
1027 1001
1027 627
638 258
638 197
638 841
638 627
638 556
638 168
638 810
638 295
638 496
638 279
638 1039
638 179
638 288
638 546
751 681
751 19
751 555
751 430
751 897
751 1015
751 147
751 485
751 236
412 568
412 657
412 460
412 304
412 1017
687 192
687 449
687 251
230 533
230 575
592 547
592 232
592 334
592 966
592 712
592 735
592 722
592 602
592 874
592 574
592 468
964 290
964 621
964 356
258 1001
258 197
258 178
258 967
258 170
258 810
258 175
258 288
258 166
529 515
529 968
529 649
529 432
529 732
515 432
515 642
515 678
515 968
515 649
515 101
515 928
515 626
515 341
770 601
770 82
770 962
770 240
770 537
601 222
601 240
601 459
601 456
601 435
413 351
806 295
806 197
806 496
806 1001
806 328
806 168
806 546
533 415
533 575
533 427
533 463
533 818
533 417
533 223
533 14
533 178
533 4
533 834
533 401
1037 434
1037 102
1037 750
1037 897
1037 574
434 1002
286 723
286 481
286 457
72 172
72 654
72 635
72 346
72 760
72 116
72 891
72 1014
72 73
72 701
90 517
90 447
90 120
540 126
540 79
540 625
540 778
178 907
178 525
178 842
178 143
178 675
178 997
178 563
178 12
178 813
178 362
178 587
178 872
178 402
178 51
178 344
178 495
239 140
239 495
239 106
239 1036
239 590
239 715
239 646
239 102
239 243
239 87
239 467
239 282
239 670
239 803
239 639
239 983
657 459
657 20
657 916
328 483
328 85
328 1039
328 179
328 841
328 535
328 1001
328 81
328 332
328 580
954 547
954 714
954 856
954 963
954 934
954 799
954 845
172 805
172 116
172 366
172 714
172 934
172 188
126 79
126 625
126 778
475 663
475 408
475 539
475 355
475 424
475 294
475 1032
475 419
475 973
475 8
475 704
475 223
475 177
475 818
475 551
475 46
663 790
663 526
663 919
663 86
663 408
663 1001
663 234
663 1032
663 973
663 442
663 668
663 509
663 857
663 1005
663 615
663 562
663 685
349 673
349 198
349 975
349 590
349 188
349 1003
349 530
349 646
349 839
349 602
349 0
349 65
349 165
349 251
408 465
408 756
408 1032
408 234
408 419
408 201
408 973
408 281
408 223
408 509
408 758
408 46
408 421
408 668
408 539
359 149
359 390
359 10
359 100
359 233
359 101
359 329
359 607
359 68
359 290
359 163
359 507
359 595
359 982
270 149
270 631
270 478
270 356
270 827
270 763
270 724
270 423
270 784
270 101
270 757
270 876
149 541
149 478
149 423
149 956
149 451
149 454
149 432
149 390
149 100
149 982
149 784
330 961
330 516
330 411
330 171
330 946
330 385
330 775
539 424
539 548
539 4
539 870
539 777
539 401
539 584
539 904
539 790
539 959
673 873
673 652
673 108
673 194
673 188
673 173
673 125
673 675
673 997
673 1000
673 339
673 69
673 12
673 165
673 19
873 232
873 410
873 544
873 212
652 831
652 590
652 77
652 87
652 165
652 163
652 125
652 54
652 675
652 339
652 69
652 534
652 821
652 198
652 1022
168 483
168 16
168 381
168 546
168 580
168 841
168 81
168 810
168 295
168 535
168 179
168 161
355 140
355 874
355 214
355 786
355 302
1041 669
1041 120
1041 348
1041 447
1041 444
1041 336
143 945
143 69
143 48
143 109
173 732
173 646
173 495
173 21
173 590
173 188
173 1003
173 563
173 12
173 256
173 762
173 118
58 957
58 24
58 773
58 402
58 175
58 233
58 164
58 822
447 669
447 67
108 907
108 525
108 522
108 272
108 287
108 75
531 787
531 866
531 375
531 1025
531 702
787 896
787 645
787 375
787 378
787 1025
787 599
787 570
787 785
787 442
787 788
598 236
598 268
598 890
598 739
598 430
598 704
598 54
598 715
598 861
598 922
598 682
598 4
598 666
598 1040
598 333
598 763
903 1011
903 969
903 524
903 633
903 467
903 422
903 237
903 214
903 581
536 808
536 682
536 763
536 847
424 49
424 208
424 250
424 177
424 419
424 973
424 8
424 551
424 46
424 585
1003 415
1003 831
1003 842
1003 791
1003 325
1003 797
1003 750
1003 675
1003 534
1003 313
1003 51
724 541
724 341
724 138
724 629
724 101
724 104
724 757
724 920
724 507
724 857
724 827
682 808
682 944
682 856
682 799
682 214
682 963
682 934
682 727
682 212
682 547
752 623
752 155
752 683
968 541
968 432
194 123
194 636
194 1000
194 675
194 118
194 774
194 834
194 575
194 623
955 957
955 1009
955 1022
955 156
955 122
955 232
957 1009
957 942
957 422
957 566
957 405
957 378
957 240
1009 232
1009 566
1009 138
1009 775
1009 1017
294 786
294 4
294 346
294 106
294 8
294 223
294 980
294 401
294 818
294 756
866 599
866 720
866 28
866 510
866 375
866 788
1035 852
1035 65
76 506
76 667
76 1030
76 992
76 1038
76 277
76 278
76 469
76 22
76 316
76 802
76 918
76 617
76 626
76 281
76 863
76 561
506 865
506 22
506 823
506 949
506 229
506 1030
506 996
506 698
506 365
506 233
192 703
192 927
192 374
192 261
36 219
36 705
36 739
653 815
653 523
653 75
653 313
653 499
653 69
653 635
653 28
197 85
197 1001
197 967
197 580
197 535
197 170
197 332
82 962
82 133
82 240
236 983
236 1024
236 106
236 103
236 219
236 631
236 727
236 966
236 430
236 243
236 87
236 771
236 425
667 949
667 278
667 528
667 316
667 22
667 802
1015 87
1015 574
1015 727
1015 470
1015 911
1015 430
1015 622
1015 52
1015 437
188 157
188 495
188 339
188 1000
188 725
188 590
188 1036
188 135
188 165
188 988
188 989
188 729
188 575
188 373
188 785
963 547
963 453
963 268
963 799
963 1011
963 971
963 714
963 430
963 939
963 934
963 835
963 634
963 437
154 737
154 84
154 640
154 788
742 114
742 981
742 374
742 671
742 888
742 377
742 421
114 977
114 94
114 377
114 981
114 102
114 370
114 367
114 671
348 167
348 616
348 837
348 731
92 276
92 499
92 75
92 502
92 607
92 901
92 256
92 313
92 640
276 508
276 251
276 654
276 935
276 587
276 907
692 880
692 717
692 809
880 809
880 717
880 395
157 530
157 758
157 979
157 797
157 646
157 125
157 495
157 325
157 563
157 344
157 834
157 176
530 700
530 989
530 623
530 280
530 702
351 411
808 8
808 735
808 4
808 800
808 70
808 670
808 715
525 80
525 26
525 675
525 837
525 220
525 314
525 635
525 201
525 166
525 28
525 534
525 110
525 427
643 127
643 614
643 495
643 900
643 369
643 694
127 614
127 981
127 651
580 85
580 266
580 841
580 170
580 535
580 332
1032 790
1032 920
1032 919
1032 208
1032 86
1032 695
1032 381
1032 1001
1032 1011
1032 419
1032 973
1032 758
1032 442
1032 8
1032 548
1032 223
1032 509
1032 969
1032 857
1032 845
1032 46
499 107
499 110
499 554
499 27
499 77
824 983
824 366
824 470
824 519
824 325
824 195
824 639
824 243
824 890
824 801
983 430
983 922
983 837
983 383
419 49
419 16
419 425
419 590
419 973
419 758
419 421
419 281
419 704
419 46
419 585
8 526
8 234
8 442
8 969
8 874
8 1011
8 440
8 668
8 46
8 771
1030 949
1030 823
1030 943
1030 996
1030 445
1030 115
1030 992
1030 229
1030 342
1030 617
1030 538
54 116
54 631
54 1016
54 87
54 103
54 727
560 523
560 607
560 901
560 629
560 51
649 213
649 700
649 432
649 101
649 715
717 485
483 381
483 496
483 1001
483 1039
483 995
483 535
483 170
483 556
483 288
483 332
973 49
973 921
973 208
973 250
973 234
973 201
973 689
973 741
973 758
973 548
973 331
973 857
973 551
973 46
411 961
411 516
961 803
961 516
296 4
296 690
296 777
296 1010
296 16
296 365
296 551
4 874
4 492
4 791
81 841
81 288
81 995
81 810
81 295
81 179
81 281
435 293
435 554
435 923
435 844
435 27
435 635
435 586
435 350
435 321
392 512
392 373
392 628
140 641
140 329
140 1011
140 151
140 337
140 874
140 223
140 980
140 639
641 416
641 850
641 246
641 511
641 124
641 329
554 200
554 321
554 578
554 110
554 582
554 758
959 856
959 461
959 934
959 712
959 735
959 771
959 634
517 614
517 933
517 220
517 674
180 495
180 444
180 755
180 225
180 269
992 1038
992 368
992 946
992 713
992 996
704 897
704 555
704 282
704 313
704 210
704 317
773 1040
773 741
773 948
773 609
773 1000
329 1024
329 920
329 804
329 553
329 980
329 509
329 422
574 87
574 727
574 861
574 331
574 519
574 911
574 430
574 116
574 584
574 689
574 639
758 831
758 680
758 69
758 675
758 563
758 313
758 764
758 872
758 985
758 165
516 385
516 171
516 838
1011 268
1011 177
1011 974
1011 237
1011 685
1011 1001
1011 1036
1011 939
1011 151
1011 223
1011 3
1011 261
1011 988
1011 980
1011 771
590 732
590 547
590 232
590 948
590 495
590 831
590 500
590 842
590 339
590 797
590 331
590 563
590 362
590 12
590 971
590 764
590 639
590 385
970 828
970 135
970 547
970 953
970 735
828 53
828 979
828 512
828 80
828 916
828 439
828 196
828 459
979 60
432 378
432 626
432 68
432 390
432 956
633 461
633 185
633 712
633 771
633 969
633 939
633 890
69 362
69 20
69 125
69 416
69 313
69 935
631 478
631 956
631 100
631 101
631 317
631 19
631 290
797 1036
797 935
797 200
797 259
690 492
223 470
223 495
223 208
223 1005
223 86
223 695
223 177
223 685
223 1001
223 874
223 548
223 668
223 980
223 639
277 455
277 865
277 445
277 528
277 115
277 617
277 1014
455 865
455 887
455 115
455 148
455 570
455 996
151 237
151 765
151 661
151 910
151 467
151 98
50 756
50 644
50 591
50 78
50 410
50 465
50 876
50 803
756 644
756 465
756 488
756 985
756 818
756 591
756 78
756 1000
572 251
572 832
572 764
1038 316
1038 445
1038 469
1038 918
1038 617
1038 802
75 815
75 107
75 935
75 606
75 163
75 321
75 51
75 1002
502 251
502 584
502 60
125 362
981 1031
171 907
461 103
461 701
461 856
461 712
461 243
461 771
461 274
461 800
865 229
865 115
865 342
865 802
735 666
735 966
735 184
735 553
735 614
735 876
735 336
735 785
364 912
364 267
364 109
912 267
912 225
912 109
135 26
135 508
135 945
135 251
675 465
675 495
675 129
675 235
675 362
675 563
675 12
675 416
675 53
675 568
646 512
646 216
646 1000
646 97
646 985
646 399
646 946
646 138
646 564
375 595
375 1025
375 621
375 163
375 788
375 240
147 915
147 847
147 822
147 793
147 746
147 887
147 713
147 430
147 393
147 945
147 204
147 678
809 549
809 211
809 385
809 6
809 14
549 803
549 324
549 799
549 418
549 697
549 759
997 456
997 77
997 645
997 163
997 51
997 261
997 907
997 792
997 495
614 386
614 899
614 867
177 494
177 874
177 818
177 928
177 229
177 739
1000 800
1000 500
1000 80
1000 362
1000 725
1000 951
1000 384
1000 784
1000 1014
1000 928
810 381
810 1039
810 535
810 995
810 166
810 16
495 732
495 80
495 831
495 989
495 26
495 563
495 750
495 444
495 594
495 834
495 109
495 545
267 109
898 371
898 431
898 845
898 298
898 738
898 762
898 325
898 477
898 323
898 63
898 1012
898 169
371 700
371 737
371 323
371 326
371 129
969 581
969 548
969 668
969 669
969 453
969 524
969 741
969 609
969 905
339 391
339 688
339 165
339 764
339 439
339 254
339 678
332 85
332 381
332 841
332 535
332 995
332 556
337 251
337 246
607 523
607 10
607 510
607 784
607 757
607 771
607 629
366 727
366 430
366 12
366 805
366 835
366 1017
366 670
547 980
547 331
547 453
547 1024
547 681
547 430
547 437
818 644
818 465
818 488
818 78
818 939
818 874
818 980
818 591
818 891
137 345
137 105
137 906
345 38
345 872
345 988
470 468
470 400
826 840
826 48
826 907
551 49
551 585
551 771
551 378
551 250
551 685
551 1010
551 401
391 68
391 764
391 830
68 621
68 689
68 686
68 341
278 342
278 783
278 469
278 613
278 558
29 512
29 780
29 459
29 128
29 27
29 1021
29 325
29 110
512 200
512 12
512 755
512 20
46 250
46 234
46 237
46 1001
874 701
874 685
874 494
874 980
478 956
478 888
478 390
478 451
478 356
478 100
12 831
12 842
12 325
12 563
12 774
12 869
457 481
457 466
901 965
481 723
481 6
469 445
469 802
469 342
469 273
469 1014
469 823
469 996
290 876
290 621
290 976
290 784
290 101
290 757
290 507
290 103
290 356
290 727
290 626
290 816
268 695
268 939
268 116
268 701
268 934
268 185
268 243
268 331
268 715
268 727
268 634
268 966
900 587
196 249
196 458
196 113
249 691
980 465
980 869
980 939
980 988
390 356
390 507
390 100
390 784
390 423
390 428
390 101
390 757
390 626
369 850
369 537
369 124
369 666
369 755
369 61
369 604
369 694
369 129
732 97
732 986
732 163
732 347
732 378
732 1024
732 645
732 934
732 705
732 19
732 425
732 689
325 527
325 331
325 246
325 639
325 563
314 254
314 379
314 300
563 831
563 750
563 611
563 362
563 26
563 510
563 468
563 28
563 899
907 416
907 691
907 48
907 604
907 989
907 129
1002 815
1002 606
123 636
123 207
123 725
123 49
346 65
105 400
105 240
105 160
105 454
105 38
347 674
347 888
347 61
674 933
674 664
674 626
674 61
674 163
541 341
541 839
541 702
541 454
97 911
97 830
97 948
97 246
911 235
911 897
344 725
344 163
344 416
344 834
344 520
344 465
344 216
344 235
211 472
211 759
211 272
211 879
211 723
211 142
942 167
942 829
942 195
942 254
942 850
445 823
445 528
445 22
445 863
445 316
445 229
445 802
445 886
445 570
445 1014
416 511
416 916
416 813
416 124
416 354
1018 642
1018 463
1018 821
642 579
642 34
642 425
642 443
642 444
642 468
642 581
508 382
508 730
382 924
382 61
382 694
382 303
382 713
382 543
397 915
397 300
397 762
397 671
397 428
397 322
397 998
397 449
397 782
915 891
915 465
915 3
780 95
780 767
780 816
953 331
953 946
423 661
423 757
423 621
423 485
423 507
423 341
423 784
423 688
33 1
519 730
519 714
519 1024
519 116
300 803
300 693
300 402
300 379
300 723
102 256
102 676
102 298
102 370
102 421
102 971
102 101
459 487
459 635
459 844
459 774
459 1021
459 923
459 141
459 594
459 1036
25 407
25 883
25 909
25 261
25 862
25 491
25 144
25 439
25 6
407 491
407 883
407 909
407 261
407 1031
229 823
229 22
229 943
229 342
229 918
229 221
229 570
528 273
528 863
528 316
528 996
528 342
528 617
335 193
691 569
691 113
195 19
986 862
986 287
986 660
986 883
49 921
49 585
49 764
49 804
850 537
850 118
850 755
850 216
850 876
378 77
378 888
378 212
378 206
378 340
378 430
537 755
537 604
709 336
709 666
80 725
80 163
341 876
341 827
341 454
341 757
341 451
669 573
669 458
669 59
669 298
669 741
671 370
671 977
671 367
671 710
671 374
671 377
839 63
839 938
764 804
764 165
764 921
764 1022
128 354
128 829
128 789
639 87
639 727
639 1036
639 331
639 387
639 715
639 714
639 1024
639 739
53 169
53 534
100 956
100 10
100 784
463 161
463 156
463 431
463 311
956 982
956 784
956 101
956 454
22 570
22 930
22 802
22 1014
22 996
888 19
888 10
888 606
676 122
676 343
676 936
676 289
676 142
676 120
676 759
676 352
676 415
676 5
676 629
428 714
428 331
428 477
428 939
10 507
10 422
10 317
10 207
10 897
10 63
431 693
431 520
431 287
702 279
702 766
702 788
702 198
702 597
436 759
436 6
436 324
436 879
436 666
759 723
759 697
759 998
759 975
759 849
454 83
454 101
454 861
823 316
823 368
823 943
823 802
823 996
823 31
823 342
823 1029
823 617
823 221
823 570
115 949
115 342
115 696
124 666
124 458
124 813
124 511
453 799
453 760
453 602
453 1025
453 966
453 801
453 928
949 368
949 943
949 996
949 918
949 31
949 365
949 846
949 221
316 863
316 930
316 802
316 996
316 273
316 610
621 507
621 317
163 313
163 538
800 1014
800 138
800 362
800 799
122 757
122 660
122 875
883 491
883 660
883 261
883 134
883 70
458 422
458 741
368 996
368 617
368 570
368 610
167 283
167 616
167 817
113 1
26 594
26 899
26 28
943 846
943 365
943 746
943 696
943 863
943 802
943 886
943 918
943 31
331 944
331 1039
331 87
331 138
331 544
666 448
666 945
666 191
666 465
666 821
666 511
999 471
999 870
999 64
999 694
471 1019
471 694
471 870
471 792
471 209
471 64
802 746
802 846
802 273
802 886
799 662
799 944
799 305
799 686
799 1024
799 219
799 619
799 730
799 763
799 640
790 86
790 548
790 668
790 509
790 685
343 40
343 538
343 298
86 695
86 237
86 234
86 548
86 668
86 509
86 685
86 777
86 1005
86 562
976 908
976 493
976 101
976 1017
829 837
829 373
829 985
829 107
322 40
322 313
38 705
38 403
38 240
644 465
644 591
644 78
644 939
465 78
465 645
465 876
250 234
250 246
250 440
250 548
250 1005
250 15
250 801
996 365
996 31
996 783
996 910
996 111
526 234
526 440
526 668
526 201
526 685
526 777
526 1010
526 845
526 401
872 821
872 141
872 789
872 399
720 599
720 896
720 510
720 654
720 279
720 179
720 28
48 672
48 189
784 982
591 488
591 891
591 78
654 218
654 755
654 507
654 854
654 571
654 626
218 400
218 60
760 527
760 3
760 714
760 63
760 615
760 939
909 491
909 45
909 261
909 398
909 660
909 693
909 851
101 421
101 757
101 913
672 477
672 913
672 129
672 761
477 235
477 511
477 761
477 688
477 313
477 913
104 876
104 827
104 2
998 737
998 73
998 109
998 1036
837 293
837 283
837 985
936 679
936 501
295 995
995 381
995 841
995 967
995 1039
995 556
995 16
995 627
487 199
487 635
487 548
289 838
289 466
289 272
918 696
918 886
918 863
616 283
616 520
698 365
698 271
24 175
24 30
661 485
661 845
661 524
661 985
661 739
27 832
27 165
27 951
27 688
27 895
27 204
27 107
31 365
31 696
31 1029
31 886
31 342
31 783
31 221
31 561
313 629
381 16
381 637
381 1001
381 161
381 627
381 535
365 1029
365 221
142 231
142 472
142 418
737 388
496 85
496 266
496 546
700 323
700 326
700 184
700 831
340 131
340 744
340 716
340 164
340 205
340 858
340 871
340 385
340 838
131 164
131 716
131 744
131 858
131 871
131 205
131 662
1001 85
1001 695
1001 637
1001 234
1001 442
1001 841
1001 685
1001 546
1001 548
1001 1010
744 716
744 205
744 858
744 662
755 958
755 511
755 216
755 538
755 803
234 695
234 442
234 440
61 164
61 626
61 725
61 600
604 522
604 500
604 94
604 587
604 399
604 906
803 21
803 334
803 793
803 0
803 774
803 887
803 395
803 84
803 11
803 78
803 553
803 18
21 402
21 679
21 193
635 279
635 597
635 772
635 460
635 606
279 28
279 597
279 772
334 15
334 686
1025 106
1025 701
1025 934
1025 599
1025 280
1025 851
402 65
402 30
402 379
402 269
402 389
402 251
846 886
846 281
731 438
731 885
731 694
731 164
438 45
438 862
438 805
602 634
602 425
602 816
602 715
602 449
602 106
921 804
921 695
1039 288
1039 179
1039 266
1039 535
233 895
233 571
440 919
440 695
440 777
440 401
440 1012
261 442
261 851
261 678
716 662
716 164
716 871
716 205
716 858
789 410
789 444
789 611
597 119
597 766
597 553
597 772
597 399
415 648
415 750
415 231
648 710
648 510
648 500
548 581
548 777
41 74
74 946
74 975
74 427
757 827
757 323
757 678
694 838
694 254
694 870
694 209
694 64
668 920
668 442
668 201
668 741
668 777
668 509
668 524
444 611
444 713
444 377
444 269
444 946
242 304
242 581
242 771
193 203
193 238
509 919
509 857
509 3
509 1010
509 401
967 85
967 637
967 170
967 288
967 176
967 546
714 224
714 989
714 484
714 282
714 116
714 317
224 527
224 52
585 18
585 387
557 958
557 658
557 1021
557 129
557 875
958 658
958 1021
958 448
958 321
958 521
958 875
1024 991
1024 971
1024 210
1024 385
1024 467
1024 23
991 106
991 257
991 929
991 210
510 198
510 28
510 788
510 507
164 871
164 205
164 858
164 283
164 662
342 1014
342 450
342 746
342 886
342 934
342 281
342 863
815 606
815 107
815 935
606 523
606 165
66 836
66 679
66 145
836 679
836 145
836 600
985 832
985 804
985 725
985 727
985 165
985 905
774 189
774 854
774 200
774 946
966 944
966 562
966 686
966 934
966 712
966 387
887 610
783 1029
783 221
120 579
120 269
120 67
120 609
120 741
971 106
971 1036
971 207
971 1014
971 739
971 715
43 386
43 906
43 336
399 564
399 916
535 85
535 546
205 662
205 858
205 871
352 745
352 782
1040 794
1040 117
794 324
794 144
794 6
794 395
794 14
870 209
870 686
485 920
485 990
485 785
485 34
485 494
485 430
485 77
485 612
485 861
485 304
485 207
485 19
485 63
179 637
179 161
179 599
179 570
216 831
216 222
216 141
216 246
216 713
216 564
216 989
216 238
216 721
170 85
170 266
170 841
170 556
170 288
59 222
59 15
59 876
59 106
107 141
107 269
107 417
1029 221
201 514
201 209
201 919
201 237
201 119
232 566
232 1031
232 775
885 44
556 85
556 841
556 383
383 430
383 467
383 190
383 851
919 777
919 1010
919 695
919 1005
919 393
919 924
617 613
617 910
613 930
613 558
765 545
765 213
468 712
468 333
468 210
468 185
468 494
685 442
685 974
685 524
685 494
685 695
685 845
685 693
685 581
288 176
288 546
821 280
821 238
821 302
920 763
920 287
203 145
203 679
145 238
145 721
395 324
395 6
395 14
858 662
858 871
896 599
896 28
896 788
292 664
292 683
292 899
292 1020
292 781
386 184
725 323
725 689
725 103
658 916
658 875
658 1021
1019 64
84 269
84 14
84 321
507 595
507 393
507 63
507 766
507 317
862 817
862 1031
862 45
817 938
817 110
777 1010
777 1005
777 857
777 1012
777 871
283 293
283 520
283 350
283 1014
283 417
106 612
106 150
106 282
106 816
106 861
106 103
106 243
948 251
293 594
293 951
293 51
293 586
594 271
594 568
594 169
594 713
324 697
324 14
324 144
681 449
166 161
166 923
166 622
161 16
78 488
78 645
45 945
45 1036
45 1031
430 705
430 701
430 712
430 939
430 739
422 578
422 908
578 946
578 906
309 941
370 367
370 377
370 374
11 476
11 543
11 303
11 620
103 856
103 212
103 695
103 243
103 524
103 317
103 739
103 425
103 1022
1021 854
1021 321
367 977
695 934
695 871
695 1005
695 857
695 845
695 771
695 274
695 562
695 1012
595 79
595 264
595 827
28 831
28 788
28 599
28 570
28 899
28 20
226 856
226 1031
226 266
226 610
226 634
856 243
939 890
939 978
939 150
939 494
939 634
939 729
939 304
939 333
939 389
939 569
939 640
662 871
662 40
210 771
210 214
116 715
116 922
116 421
116 739
766 788
766 19
766 2
766 582
871 857
221 610
739 425
739 934
739 727
739 304
739 87
739 527
701 944
701 686
701 712
645 484
645 988
645 727
472 418
472 231
189 184
189 988
189 840
189 946
184 579
184 916
982 876
876 410
876 493
933 20
933 875
988 729
988 928
988 767
910 538
77 362
77 110
77 686
77 269
77 582
77 989
77 165
77 235
418 231
934 801
934 771
934 212
934 282
934 1014
934 722
111 558
111 273
558 863
558 148
834 928
834 573
834 989
834 336
834 534
377 206
377 374
377 977
377 398
377 927
377 112
377 94
745 253
745 782
745 117
745 384
745 281
599 333
599 899
599 155
219 722
219 640
442 581
442 243
442 266
442 287
231 587
492 448
492 838
185 274
356 493
208 845
208 741
951 571
951 619
566 1017
566 493
1005 845
1005 581
243 944
243 634
243 712
243 274
243 890
511 564
511 813
511 844
727 437
727 212
727 15
500 710
500 587
500 384
500 253
500 420
500 326
710 562
923 200
923 112
51 110
51 272
51 373
831 842
831 141
831 611
831 259
1010 1012
1010 5
65 505
65 281
65 624
65 521
65 852
65 448
505 624
505 448
505 521
505 281
505 852
586 575
586 350
715 87
715 788
522 94
626 611
626 19
626 555
626 362
626 989
587 94
925 832
925 854
925 200
925 133
925 336
832 791
832 804
944 686
944 712
944 634
944 274
989 978
989 990
842 144
842 225
842 945
612 816
612 861
916 60
916 538
916 902
857 514
835 1017
835 460
854 405
854 321
854 775
854 271
257 929
257 450
257 861
257 913
257 990
929 990
929 450
929 861
634 686
634 274
634 562
456 734
734 1008
734 927
85 546
85 841
281 448
281 209
281 945
281 624
281 64
281 852
686 619
686 851
141 272
141 534
141 723
729 785
729 990
273 863
863 570
611 750
611 713
611 204
379 398
379 94
398 94
354 60
60 584
813 913
813 816
712 274
712 1014
712 555
712 640
712 212
486 703
486 965
486 98
703 791
520 748
845 401
845 897
845 333
845 849
571 544
571 246
544 83
544 159
544 738
269 215
269 98
421 897
421 326
750 133
491 660
922 87
922 287
922 298
384 253
384 582
253 280
253 443
253 246
816 861
816 190
816 990
816 150
816 449
816 913
965 350
190 212
190 905
190 449
723 844
723 6
723 272
723 906
450 990
450 70
728 401
728 336
728 719
246 222
861 990
688 159
688 761
304 449
304 30
304 913
524 1012
524 264
16 627
165 1022
693 284
14 433
14 311
222 713
94 374
568 721
546 176
546 627
546 637
726 18
726 425
726 493
664 781
401 719
358 317
358 1017
358 569
358 493
317 212
317 628
317 897
317 425
317 1017
403 791
403 148
403 615
403 514
791 263
791 785
890 467
890 387
207 946
207 34
207 788
946 427
410 622
410 405
410 584
600 904
476 543
476 303
476 620
543 303
543 620
930 570
930 610
484 651
484 962
651 206
651 625
651 191
651 37
841 637
841 627
212 15
212 425
990 449
385 214
303 620
879 144
56 150
56 449
148 746
95 225
95 625
225 109
225 96
405 138
781 1020
705 767
570 1014
527 801
527 785
449 282
449 913
34 466
34 443
34 420
827 2
584 284
584 255
628 52
237 581
237 741
237 446
305 1036
305 284
109 96
804 263
804 254
19 1016
19 52
19 437
19 425
298 792
298 400
298 689
298 37
298 214
298 213
792 420
792 209
400 280
400 240
788 2
788 582
214 1012
214 1016
523 629
523 460
199 393
199 615
393 741
393 460
393 615
448 624
448 521
448 852
274 387
274 978
319 978
319 748
978 493
52 3
52 897
52 437
838 420
838 259
838 191
323 326
323 627
110 899
110 466
110 20
388 15
388 775
388 615
388 562
15 775
15 263
15 913
362 680
362 169
362 287
79 778
79 158
623 761
623 775
927 895
206 573
637 627
897 437
897 805
333 70
333 235
333 805
619 974
974 573
775 263
775 254
775 1022
775 1017
775 805
439 169
1016 437
1016 555
1016 425
697 255
945 204
945 446
680 460
389 5
627 640
494 977
494 904
425 928
722 1012
851 867
437 555
159 569
159 251
159 417
624 902
624 521
624 852
902 133
1017 493
1017 1022
493 905
977 1008
1008 112
1008 514
1008 761
263 215
562 738
562 581
581 741
581 3
1036 284
1036 805
822 899
254 689
254 20
443 466
466 420
1020 683
2 825
2 582
738 928
272 23
272 98
23 713
20 678
67 98
962 240
209 64
129 473
129 761
521 852
427 133
251 564
235 373
235 908
235 761
238 721
713 73
133 844
64 609
117 160
719 336
928 3
844 906
886 696
886 561
63 160
138 473
906 805
176 417
176 169
555 3
326 433
696 561
3 287
3 767
83 271
240 772
670 805
119 772
259 772
264 287
18 785
913 761
564 785
213 545
191 302
