1023 783
1023 910
1023 820
1023 452
1023 709
1023 311
1023 676
1023 84
1023 666
783 506
783 996
783 943
783 221
783 1029
783 31
783 278
626 260
626 76
626 654
626 931
626 290
626 61
626 19
626 390
626 989
626 515
626 611
626 555
626 362
626 674
626 504
626 432
260 619
260 606
260 265
260 1035
260 314
260 887
260 952
260 747
260 657
260 759
260 485
260 395
260 161
260 14
260 886
76 281
76 863
76 278
76 316
76 1038
76 802
76 22
76 561
76 992
76 918
76 469
76 617
76 667
76 1030
76 277
467 239
467 890
467 684
467 1024
467 383
467 151
467 903
239 803
239 243
239 670
239 686
239 132
239 983
239 1036
239 282
239 102
239 87
239 646
239 140
239 639
239 665
239 715
239 495
239 409
239 106
432 515
432 152
432 10
432 968
432 529
432 68
432 768
432 71
432 649
432 35
432 541
432 149
432 390
432 956
432 378
515 341
515 35
515 968
515 529
515 649
515 928
515 678
515 642
515 101
152 955
152 607
152 788
152 174
152 359
152 390
152 10
152 957
152 815
152 17
152 93
152 423
145 238
145 66
145 203
145 721
145 836
145 504
238 193
238 1004
238 721
238 821
238 216
633 890
633 969
633 592
633 798
633 539
633 939
633 32
633 903
633 185
633 771
633 712
633 461
890 387
890 243
890 824
890 409
890 939
890 598
654 720
654 571
654 218
654 507
654 611
654 276
654 854
654 72
654 755
528 316
528 342
528 617
528 277
528 996
528 667
528 273
528 863
528 445
316 445
316 273
316 930
316 802
316 610
316 1038
316 667
316 823
316 996
316 863
860 189
860 779
860 396
189 840
189 362
189 749
189 946
189 248
189 774
189 184
189 48
189 988
375 1025
375 621
375 788
375 531
375 866
375 595
375 240
375 787
375 55
375 163
1025 280
1025 851
1025 531
1025 720
1025 821
1025 787
1025 866
1025 507
1025 599
1025 701
1025 453
255 584
255 697
584 284
584 574
584 539
584 60
584 502
584 410
621 2
621 252
621 317
621 290
621 174
621 964
621 71
621 39
621 423
621 848
621 507
621 68
931 572
931 136
931 753
931 41
720 28
720 279
720 179
720 462
720 599
720 896
720 510
720 55
720 866
759 975
759 549
759 211
759 849
759 697
759 436
759 998
759 723
975 252
975 349
975 307
975 74
10 897
10 93
10 754
10 422
10 63
10 317
10 290
10 390
10 888
10 950
10 507
10 595
10 55
10 207
10 724
10 212
10 100
969 741
969 363
969 1011
969 650
969 380
969 903
969 372
969 609
969 1032
969 905
969 859
969 453
969 490
969 524
969 42
969 669
969 548
969 581
969 668
387 585
387 424
387 274
387 639
571 233
571 544
571 246
571 951
299 1007
299 484
299 397
299 978
299 677
299 123
299 430
299 102
299 1006
299 87
299 751
299 485
299 54
299 287
299 304
299 181
299 72
299 639
299 172
299 470
299 250
299 527
299 803
299 983
1007 1015
1007 618
1007 52
1007 366
1007 383
1007 470
1007 236
1007 665
1007 739
1007 555
1007 812
1007 497
1007 425
1007 315
1007 751
1007 576
95 225
95 872
95 780
95 625
225 912
225 297
225 109
225 842
225 180
225 96
342 506
342 281
342 229
342 863
342 450
342 865
342 746
342 934
342 943
342 1014
342 886
342 31
342 823
342 278
342 469
342 115
342 1030
968 541
968 252
968 35
968 71
968 39
968 529
968 583
608 864
608 1041
608 67
608 380
608 227
608 372
608 609
608 706
608 90
608 859
608 650
608 447
608 877
608 740
608 765
608 878
608 220
864 877
864 1013
864 552
864 120
864 183
864 372
864 90
864 859
864 669
864 650
864 878
864 517
506 996
506 696
506 22
506 640
506 229
506 802
506 886
506 698
506 31
506 365
506 846
506 823
506 469
996 455
996 22
996 910
996 992
996 368
996 365
996 823
996 111
996 469
996 949
996 1030
996 31
1041 120
1041 444
1041 217
1041 348
1041 993
1041 447
1041 336
1041 426
1041 552
1041 669
1041 994
67 227
67 632
67 120
67 859
67 878
67 706
67 889
67 380
67 447
67 98
549 324
549 697
549 809
549 418
549 799
549 803
380 227
380 740
380 1013
380 120
380 552
380 90
380 941
380 650
380 878
380 706
380 825
380 217
380 517
529 649
529 732
529 174
529 35
617 823
617 1038
617 368
617 910
617 277
617 1030
617 613
684 54
684 177
684 72
684 670
684 116
684 739
684 121
684 315
684 87
684 729
684 103
684 527
684 261
684 727
684 212
684 917
684 219
684 639
684 598
684 244
696 943
696 561
696 886
696 918
696 31
696 115
592 555
592 812
592 686
592 640
592 722
592 494
592 665
592 963
592 790
592 1016
592 738
218 400
218 406
218 60
218 414
22 229
22 570
22 943
22 445
22 667
22 930
22 291
22 802
22 1014
68 541
68 686
68 174
68 583
68 341
68 359
68 391
68 689
68 768
872 853
872 512
872 474
872 630
872 606
872 459
872 946
872 141
872 611
872 444
872 646
872 790
872 91
872 765
872 216
872 345
53 828
53 675
53 414
53 394
53 534
53 169
828 80
828 459
828 196
828 512
828 979
828 916
828 439
828 970
66 836
66 747
66 679
66 504
853 88
853 345
853 647
853 344
853 789
853 399
853 554
853 444
541 285
541 757
541 341
541 839
541 149
541 702
541 454
541 93
541 776
541 270
541 100
541 174
541 724
541 768
541 71
541 104
541 35
541 848
541 423
285 649
285 2
285 451
285 174
285 341
285 850
285 270
285 757
285 827
285 636
285 776
285 876
285 464
285 724
285 768
285 104
285 134
484 645
484 497
484 714
484 962
484 301
484 651
1024 732
1024 210
1024 547
1024 799
1024 519
1024 23
1024 639
1024 385
1024 991
1024 971
1024 329
1024 236
397 782
397 677
397 121
397 449
397 704
397 915
397 300
397 762
397 671
397 428
397 322
397 998
227 183
227 552
227 706
227 90
227 217
227 447
227 65
227 120
227 878
227 517
227 1013
227 426
757 678
757 607
757 290
757 101
757 341
757 390
757 270
757 35
757 464
757 827
757 776
757 724
757 768
757 323
757 423
757 122
372 834
372 877
372 740
372 632
372 1013
372 552
372 419
372 426
372 878
372 250
372 669
372 889
372 103
372 183
372 1011
372 704
372 361
372 220
372 49
372 208
372 994
372 551
609 877
609 64
609 1013
609 120
609 878
609 217
609 773
609 972
768 2
768 174
768 341
768 270
768 35
768 876
768 464
768 71
768 653
768 423
768 104
768 827
768 776
768 353
203 193
203 747
203 679
203 504
978 939
978 989
978 493
978 704
978 274
978 319
978 1006
182 340
182 673
182 307
182 767
182 490
182 986
182 926
182 799
340 378
340 131
340 744
340 838
340 871
340 716
340 385
340 164
340 205
340 532
340 858
640 627
640 219
640 799
640 92
640 939
640 712
640 154
640 947
677 897
677 396
677 331
677 642
677 102
677 304
677 298
677 333
677 824
677 983
677 116
677 420
677 487
677 212
677 17
677 800
677 663
71 290
71 174
71 341
71 270
71 35
71 957
649 1028
649 101
649 715
649 700
649 213
507 63
507 393
507 317
507 290
507 359
507 390
507 766
507 423
507 848
507 595
507 510
507 724
706 458
706 877
706 740
706 1013
706 120
706 90
706 650
706 426
706 878
706 217
706 447
123 725
123 89
123 207
123 636
123 49
123 194
611 51
611 713
611 947
611 997
611 894
611 647
611 989
611 789
611 204
611 892
611 831
611 750
276 565
276 935
276 251
276 508
276 92
276 907
276 587
341 454
341 2
341 513
341 451
341 174
341 583
341 827
341 776
341 876
341 464
341 724
341 35
341 423
839 63
839 349
839 938
854 271
854 775
854 774
854 321
854 1021
854 405
854 925
35 93
35 754
35 290
35 724
35 822
35 104
35 848
35 423
35 776
35 583
277 455
277 445
277 865
277 1014
277 291
277 115
38 105
38 240
38 403
38 345
38 705
105 454
105 160
105 240
105 137
105 400
149 454
149 356
149 359
149 119
149 270
149 982
149 100
149 583
149 876
149 631
149 848
149 451
149 478
149 738
88 474
88 565
88 653
88 321
88 554
88 435
673 165
673 19
673 747
673 294
673 950
673 132
673 513
673 892
673 349
673 873
673 108
673 194
673 69
673 125
673 997
673 675
673 339
673 565
673 647
673 310
673 188
673 652
673 173
673 1000
281 64
281 745
281 419
281 972
281 130
281 945
281 209
281 81
281 846
281 852
281 268
281 624
281 65
281 505
281 448
281 408
64 471
64 999
64 1019
64 209
64 694
64 404
90 740
90 552
90 120
90 183
90 859
90 217
90 994
90 993
90 650
90 489
90 447
90 878
90 517
90 426
859 740
859 1013
859 552
859 120
859 489
859 183
859 825
859 217
859 669
859 878
859 220
859 426
345 988
345 475
345 137
211 940
211 879
211 472
211 142
211 272
211 809
211 723
430 705
430 1015
430 54
430 378
430 147
430 939
430 701
430 739
430 712
430 574
430 485
430 751
430 236
430 963
430 547
430 301
430 704
430 966
430 181
430 383
430 366
430 598
430 983
229 177
229 865
229 943
229 918
229 570
229 823
229 1030
229 221
229 445
702 2
702 279
702 788
702 530
702 766
702 531
702 893
702 89
702 926
702 597
702 198
802 846
802 823
802 746
802 273
802 886
802 1038
802 445
802 865
802 667
802 469
102 114
102 101
102 421
102 1037
102 298
102 971
102 370
102 256
1006 1015
1006 751
1006 25
1006 883
1006 897
1006 453
1006 232
1006 409
1006 983
87 574
87 236
87 739
87 1015
87 715
87 922
87 639
87 652
87 331
307 187
307 290
307 139
307 36
307 680
307 253
307 250
307 384
307 922
307 962
454 956
454 83
454 101
454 776
454 861
585 18
585 419
585 49
585 551
585 605
849 845
849 497
849 542
93 390
93 308
93 356
93 101
93 270
93 1034
93 724
93 423
93 583
93 39
93 964
404 471
404 999
404 972
404 792
404 209
471 792
471 870
471 999
471 972
471 1019
471 209
471 694
886 846
886 943
886 561
886 918
886 31
886 445
240 400
240 772
240 770
240 957
240 82
240 601
240 962
240 707
751 897
751 1015
751 681
751 19
751 236
751 485
751 555
751 147
751 121
751 704
751 181
485 661
485 77
485 754
485 861
485 63
485 686
485 19
485 612
485 990
485 785
485 207
485 304
485 318
485 717
485 423
485 920
485 34
485 494
999 694
999 972
999 870
457 819
457 286
457 466
457 481
819 34
819 479
819 838
819 723
819 481
819 286
819 127
697 324
675 1003
675 419
675 129
675 416
675 568
675 194
675 518
675 525
675 465
675 235
675 495
675 310
675 563
675 178
675 652
675 758
745 782
745 253
745 384
745 352
745 117
424 565
424 685
424 663
424 49
424 346
424 622
424 743
424 904
424 250
424 32
424 223
424 738
424 771
776 2
776 356
776 174
776 359
776 876
776 464
776 104
776 827
776 290
776 956
403 514
403 615
403 148
403 791
698 271
698 365
270 356
270 101
270 784
270 827
270 876
270 724
270 423
270 763
270 631
270 478
619 951
619 686
619 799
619 974
951 27
951 293
951 1000
686 77
686 334
686 851
686 390
686 714
686 870
686 944
686 701
767 705
767 988
767 780
767 711
767 980
767 3
31 823
31 943
31 221
31 365
31 561
31 949
31 1029
153 413
153 351
153 171
153 503
153 868
153 542
413 503
413 351
413 542
413 796
413 868
365 296
365 1029
365 221
365 949
650 458
650 877
650 552
650 994
650 447
650 878
100 478
100 956
100 631
100 359
100 390
100 784
54 1011
54 897
54 425
54 939
54 681
54 785
54 838
54 739
54 598
419 544
419 243
419 49
419 1011
419 973
419 250
419 490
447 877
447 1013
447 489
447 878
447 669
447 889
447 217
447 183
447 994
287 986
287 108
287 920
287 264
287 442
287 937
287 922
287 3
287 431
287 362
972 792
972 870
972 1019
972 694
972 245
877 741
877 183
877 552
877 217
877 994
877 993
877 740
877 120
877 878
877 220
877 1013
436 879
436 666
436 6
436 324
414 945
414 700
414 855
414 1000
414 173
414 394
414 898
414 534
846 943
846 949
799 800
799 730
799 219
799 763
799 954
799 682
799 963
799 453
799 662
799 944
799 305
174 2
174 290
174 101
174 583
174 876
174 464
174 724
174 104
394 429
394 641
605 49
605 560
605 738
605 99
605 335
605 378
605 242
605 361
605 814
605 551
605 250
605 313
605 408
605 589
49 804
49 921
49 764
49 711
49 89
49 490
49 361
49 353
49 551
367 114
367 671
367 370
367 977
114 377
114 742
114 981
114 671
114 370
114 94
114 977
740 458
740 226
740 183
740 825
740 98
740 217
740 669
740 878
740 1013
740 336
765 545
765 213
765 151
765 747
286 723
286 481
286 479
878 458
878 1013
878 120
878 183
878 889
878 217
220 525
220 1013
220 552
220 489
220 426
220 217
220 517
220 632
130 885
130 833
130 984
130 699
130 593
130 228
945 135
945 147
945 45
945 204
945 842
945 666
945 446
945 143
254 689
254 339
254 775
254 314
254 694
254 20
254 804
254 942
689 574
689 732
689 725
689 298
792 997
792 209
792 420
792 298
534 1003
534 834
534 525
534 141
534 652
209 870
209 201
209 694
823 445
823 1029
823 368
823 570
823 469
823 221
823 1030
803 18
803 50
803 78
803 755
803 553
803 306
803 707
803 753
803 961
803 300
803 21
803 334
803 793
803 0
803 774
803 887
803 395
803 84
803 11
18 726
18 785
18 139
18 353
304 913
304 242
304 739
304 939
304 449
304 412
304 532
304 353
304 30
304 966
81 967
81 85
81 807
81 179
81 332
81 338
81 810
81 995
81 168
81 328
81 295
81 170
81 769
81 841
81 288
724 629
724 101
724 920
724 104
724 827
724 138
724 857
72 760
72 891
72 733
72 701
72 574
72 172
72 635
72 147
72 346
72 116
72 1014
72 73
72 181
72 795
187 408
187 934
187 214
187 210
187 140
187 301
187 729
187 494
408 668
408 539
408 509
408 421
408 663
408 758
408 756
408 465
408 201
408 589
956 982
956 631
956 478
956 784
956 101
104 2
104 876
104 464
104 827
50 591
50 644
50 410
50 914
50 876
50 78
50 465
50 756
490 356
490 926
490 250
490 920
490 581
490 86
490 318
490 1032
490 46
490 636
490 663
83 544
83 271
83 518
181 897
181 437
181 52
181 317
181 1037
181 425
181 497
181 4
181 754
181 1015
469 278
469 273
469 1038
469 445
469 1014
852 448
852 521
852 505
852 65
852 1035
852 624
374 377
374 742
374 671
374 370
374 94
374 192
377 444
377 927
377 742
377 671
377 398
377 370
377 94
377 977
377 112
377 206
848 356
848 648
848 290
848 390
848 876
848 628
351 503
351 796
351 411
351 542
351 868
268 668
268 468
268 509
268 86
268 559
268 121
268 116
268 185
268 701
268 244
639 574
639 714
639 739
639 824
639 325
639 727
639 715
639 1036
639 331
339 688
339 678
339 764
339 391
339 439
339 590
339 165
339 188
339 652
172 188
172 116
172 805
172 934
172 8
172 714
172 366
172 966
172 361
591 644
591 874
591 78
591 980
591 488
591 140
591 818
591 891
591 756
644 618
644 939
644 78
644 465
644 818
644 756
423 688
423 390
423 464
423 784
423 661
742 421
742 671
742 888
742 981
661 151
661 739
661 985
661 1034
661 845
661 1003
661 524
151 98
151 910
151 820
151 779
151 559
151 237
24 306
24 30
24 175
24 58
306 879
306 395
306 1042
306 25
306 144
306 723
569 939
569 358
569 691
569 159
939 389
939 760
939 634
939 428
939 729
939 963
939 333
939 475
939 497
939 202
939 361
939 150
939 494
939 818
671 977
671 275
671 710
671 370
934 897
934 733
934 732
934 1011
934 722
934 282
934 1014
934 963
934 682
934 884
934 801
934 301
934 212
934 954
934 959
934 695
934 739
934 771
934 244
943 863
943 278
943 561
943 918
943 115
943 221
437 555
437 19
437 497
437 294
437 559
437 315
437 963
437 1015
437 52
437 547
437 17
437 1016
437 576
437 897
437 727
555 1016
555 315
555 497
555 712
555 3
101 913
101 252
101 976
101 290
101 390
101 308
101 359
101 631
30 1003
30 402
775 1009
775 623
775 330
775 805
775 1017
775 1022
775 704
775 892
775 232
775 15
775 263
775 388
897 911
897 425
897 805
897 246
897 798
897 421
897 1037
897 874
897 52
897 17
897 845
897 317
911 1015
911 574
911 363
911 235
911 97
78 550
78 488
78 645
78 294
78 756
78 874
78 465
78 818
175 85
175 807
175 258
175 170
175 987
175 58
739 177
739 244
739 362
739 294
739 116
739 971
739 121
739 315
739 475
739 103
739 527
739 36
739 727
739 425
739 598
314 525
314 300
314 379
19 732
19 52
19 888
19 425
19 766
19 576
19 631
19 704
19 1016
19 195
425 602
425 732
425 317
425 363
425 1016
425 236
425 642
425 656
425 928
425 212
425 726
425 103
425 497
425 17
624 448
624 521
624 505
624 65
624 902
378 77
378 952
378 732
378 957
378 888
378 718
378 787
378 874
378 206
378 551
378 212
497 1015
497 219
497 1037
497 845
497 315
497 358
497 17
497 106
497 409
497 704
550 891
550 248
466 443
466 110
466 420
466 289
466 34
214 298
214 903
214 1012
214 385
214 210
214 1016
214 355
214 682
131 716
131 744
131 662
131 871
131 164
131 205
131 858
744 716
744 662
744 205
744 858
565 647
565 362
565 947
565 47
565 325
565 495
565 310
565 188
565 563
565 331
647 606
647 646
647 554
647 952
647 146
647 474
647 462
647 892
647 125
647 907
647 837
647 59
647 582
647 547
647 310
647 188
370 812
985 829
985 804
985 165
985 474
985 914
985 758
985 905
985 646
985 727
985 1004
985 756
985 837
985 725
985 832
294 346
294 140
294 410
294 169
294 1011
294 235
294 194
294 1034
294 401
186 545
186 687
186 406
186 502
186 411
186 882
186 344
186 567
186 322
186 216
545 495
545 213
545 567
755 369
755 958
755 512
755 180
755 216
755 537
755 538
755 511
755 736
755 850
1034 1017
1034 964
1034 74
1034 652
1034 980
1034 892
1034 194
687 251
687 567
687 192
687 449
210 991
210 754
210 771
210 973
210 361
210 468
233 58
233 895
233 359
406 997
406 958
406 58
406 721
406 869
406 567
406 354
406 658
406 91
406 360
805 438
805 333
805 1036
805 906
805 670
805 366
502 251
502 92
502 60
891 798
891 915
891 980
891 818
128 29
128 354
128 789
128 829
29 512
29 780
29 110
29 325
29 1021
29 459
29 27
874 263
874 140
874 845
874 349
874 820
874 966
874 106
874 323
874 1011
874 533
354 416
354 91
354 60
838 289
838 516
838 259
838 420
838 694
838 191
838 492
694 382
694 952
694 369
694 870
694 731
694 643
246 222
246 337
246 253
246 97
246 641
246 325
246 250
246 216
20 657
20 28
20 933
20 678
20 512
20 69
20 110
20 474
804 921
804 263
804 882
804 832
804 764
804 329
804 798
411 503
411 516
411 542
411 330
411 961
411 868
980 488
980 869
980 132
980 966
980 818
980 1011
980 915
481 723
481 6
481 479
94 940
94 604
94 522
94 587
94 950
94 398
94 379
942 829
942 850
942 195
942 167
942 957
553 597
553 329
553 735
871 777
871 716
871 164
871 205
871 662
871 475
871 695
871 858
871 857
716 662
716 164
716 205
716 858
974 960
974 573
974 685
882 124
882 129
882 567
882 159
488 756
488 818
798 602
798 132
798 140
798 468
798 56
798 527
798 310
798 188
798 563
798 236
798 983
798 971
140 494
140 223
140 355
140 1011
140 329
140 820
140 610
140 475
140 915
140 344
140 532
1015 622
1015 618
1015 754
1015 574
1015 470
1015 52
1015 704
1015 727
789 410
789 444
560 51
560 629
560 901
560 99
560 523
560 607
977 494
977 1008
559 668
559 383
559 236
559 509
559 46
559 207
559 966
559 707
559 795
559 331
389 475
389 402
389 5
421 771
421 1011
421 812
421 116
421 795
421 250
421 326
421 361
192 703
192 927
192 261
540 126
540 625
540 79
540 778
540 659
540 57
126 625
126 79
126 778
126 659
126 57
315 28
315 903
315 983
315 449
315 820
315 1036
315 230
315 475
315 533
315 409
315 456
458 741
458 669
458 994
458 196
458 124
458 422
458 987
741 120
741 581
741 8
741 475
741 509
741 208
741 669
741 489
741 361
741 773
741 237
741 393
741 668
622 166
622 410
909 851
909 25
909 693
909 660
909 398
909 261
909 407
909 45
909 491
851 383
851 312
851 867
851 261
851 504
760 615
760 63
760 714
760 453
760 527
760 3
615 241
615 393
615 388
615 960
615 663
615 199
845 685
845 589
845 223
845 526
845 954
845 1011
845 1005
845 333
845 695
845 8
845 208
845 401
845 898
1003 310
1003 791
1003 544
1003 132
1003 176
1003 125
1003 344
1003 563
861 990
861 929
861 754
861 816
861 202
861 612
861 574
861 257
861 598
861 106
63 160
63 139
63 898
829 373
829 162
829 107
829 91
829 837
1037 574
1037 9
1037 750
1037 434
324 794
324 14
324 395
324 144
385 516
385 590
385 330
385 809
385 396
358 317
358 1017
358 493
358 743
358 704
625 814
625 651
524 668
524 264
524 1012
524 903
524 685
524 103
738 544
738 947
738 562
738 928
738 898
738 42
618 576
618 52
618 795
618 733
963 634
963 547
963 714
963 954
963 682
963 835
963 301
963 453
963 409
963 971
705 732
705 36
657 459
657 916
657 412
657 245
459 594
459 635
459 601
459 844
459 1036
459 141
459 774
459 923
459 1021
459 487
164 58
164 662
164 283
164 205
164 731
164 61
164 858
940 142
940 937
940 433
940 231
940 472
940 736
142 472
142 231
142 937
142 418
142 676
1011 685
1011 589
1011 771
1011 223
1011 132
1011 1012
1011 237
1011 346
1011 355
1011 250
1011 440
1011 903
1011 924
1011 820
1011 8
1011 1005
1011 475
1011 86
1011 234
1011 973
1011 1032
1011 695
1011 533
1011 551
1011 707
1011 361
818 756
818 177
818 465
818 533
344 520
344 834
344 310
344 157
344 812
344 216
344 416
344 235
344 178
344 465
344 725
344 163
52 224
52 628
52 3
937 472
937 231
937 418
937 736
937 349
681 547
681 449
567 817
567 875
567 646
567 658
567 680
567 1021
547 733
547 970
547 682
547 966
547 954
547 665
547 453
547 331
17 470
17 628
205 662
205 858
25 407
25 862
25 491
25 265
25 261
25 6
25 144
25 439
37 298
37 651
298 213
298 139
298 669
298 343
298 922
298 966
298 898
298 400
913 672
913 449
913 15
913 9
913 754
913 761
913 816
913 813
913 477
913 257
913 89
672 477
672 129
672 48
672 89
672 761
693 685
693 284
693 89
693 743
693 300
693 431
433 326
433 14
723 272
723 300
723 844
723 141
723 6
723 906
754 990
754 449
754 106
754 816
231 415
231 472
231 587
231 418
785 564
785 188
785 729
785 791
785 711
785 301
785 735
785 787
785 527
660 986
660 491
660 883
660 122
532 135
532 713
532 272
532 429
532 223
532 1031
532 162
532 594
532 533
532 495
322 313
322 40
216 564
216 222
216 721
216 850
216 989
216 646
216 141
216 713
574 812
574 116
574 701
574 409
574 727
574 966
574 711
574 244
574 519
574 331
449 816
449 190
449 56
449 602
449 301
449 990
449 884
449 282
80 725
80 163
80 525
80 495
80 1000
79 778
79 158
79 357
79 595
916 538
916 399
916 630
916 902
916 658
916 184
916 603
916 416
916 60
400 470
400 280
732 347
732 645
732 97
732 986
732 163
732 495
732 173
475 685
475 800
475 607
475 355
475 442
475 440
475 379
475 234
475 46
475 598
475 857
475 3
725 61
725 884
725 103
725 323
725 188
725 1000
470 824
470 468
58 47
58 957
58 590
58 773
58 841
58 822
58 402
58 736
858 662
895 27
895 927
895 1042
412 1017
412 460
412 656
412 241
412 308
412 568
714 317
714 428
714 116
714 519
714 282
714 989
714 795
714 409
714 224
714 733
714 954
163 313
163 359
163 538
163 674
163 518
163 997
163 75
163 652
317 583
317 1017
317 103
317 631
317 704
317 212
317 628
15 250
15 212
15 59
15 727
15 334
15 263
15 388
944 274
944 331
944 701
944 712
944 682
944 243
944 634
274 695
274 185
274 634
274 223
274 712
274 461
274 243
381 85
381 16
381 637
381 556
381 168
381 1039
381 806
381 1032
381 769
381 995
381 580
381 338
381 535
381 841
381 483
381 856
381 295
381 810
381 332
85 967
85 1027
85 638
85 496
85 258
85 328
85 807
85 168
85 1039
85 546
85 197
85 995
85 580
85 338
85 535
85 170
85 288
85 483
85 295
85 332
85 810
398 379
474 480
474 596
474 435
474 110
474 444
474 554
474 321
474 269
474 606
474 75
669 183
669 994
669 59
669 573
16 296
16 161
16 627
16 810
16 995
16 168
16 769
16 1032
512 392
512 200
512 12
512 646
637 546
637 179
637 338
637 987
637 376
637 627
9 990
9 262
778 357
994 997
994 309
994 183
994 426
994 993
994 552
994 632
525 427
525 28
525 635
525 108
525 110
525 201
525 178
525 166
525 736
525 26
525 837
261 407
261 678
261 997
261 883
261 442
402 7
402 300
402 251
402 269
402 379
402 21
402 65
402 178
520 363
520 748
520 616
520 431
520 283
160 117
885 44
885 731
503 796
503 542
503 868
796 826
796 542
796 327
796 868
796 171
363 587
363 302
363 670
363 132
556 383
556 995
556 170
556 638
761 688
761 477
761 129
761 623
761 1008
761 235
704 685
704 544
704 1017
704 335
704 250
704 735
704 103
704 727
816 290
816 990
816 106
816 780
816 602
816 813
816 150
816 612
816 190
177 928
177 494
168 807
168 1027
168 535
168 638
168 161
168 197
168 546
168 179
168 332
168 810
168 630
168 806
168 580
168 170
168 987
168 483
168 295
472 418
495 834
495 997
495 594
495 444
495 26
495 109
495 178
495 180
495 643
495 989
495 750
495 310
495 188
495 563
495 157
495 173
495 603
1039 807
1039 535
1039 638
1039 630
1039 769
1039 995
1039 338
1039 266
1039 179
1039 603
1039 483
1039 810
1039 288
1039 331
748 319
598 682
598 666
598 333
598 1040
598 4
598 763
598 812
598 715
598 922
598 236
736 773
736 269
630 807
630 535
630 197
630 614
630 332
630 810
630 328
630 266
659 33
659 357
659 577
659 57
865 455
865 115
564 251
564 646
564 399
564 511
57 1
57 158
57 577
57 357
57 33
57 247
806 807
806 1027
806 638
806 197
806 179
806 843
806 332
806 338
806 810
806 496
806 258
806 1001
806 769
806 580
806 841
806 483
806 295
606 632
606 165
606 635
606 75
606 162
606 1002
606 815
606 888
606 523
813 124
813 1033
813 416
813 511
813 178
1032 685
1032 539
1032 223
1032 794
1032 920
1032 1010
1032 330
1032 581
1032 8
1032 295
1032 509
1032 86
1032 695
1032 841
1032 790
616 950
616 167
616 320
616 283
616 348
135 508
135 251
135 518
135 970
135 26
135 188
508 730
508 382
251 572
251 948
251 159
251 349
251 337
183 834
183 632
183 1013
183 552
183 120
183 489
183 426
183 217
183 993
477 688
477 313
477 235
477 511
477 428
477 898
946 427
946 74
946 749
946 330
946 953
946 444
946 992
946 774
946 646
946 578
946 207
431 463
431 898
141 272
141 831
141 107
552 1013
552 120
552 889
552 217
552 993
552 489
552 517
552 632
653 28
653 635
653 69
653 499
653 523
653 313
653 815
653 75
769 967
769 807
769 1027
769 535
769 638
769 546
769 288
769 843
769 332
769 338
769 810
769 995
769 496
769 328
769 1001
769 987
769 258
769 483
769 580
769 841
995 627
995 332
995 338
995 810
995 841
995 483
995 295
257 991
257 450
257 990
257 202
257 929
444 713
444 642
444 180
444 269
7 989
7 379
7 452
989 188
989 834
989 77
989 990
989 530
989 907
580 807
580 535
580 161
580 197
580 332
580 810
580 496
580 1001
580 170
580 483
580 841
443 642
443 253
443 34
642 468
642 34
642 581
642 1018
642 579
338 967
338 807
338 546
338 627
338 288
338 1001
338 328
338 376
338 841
338 170
338 790
338 483
338 987
338 810
89 2
89 46
89 766
89 926
535 1027
535 807
535 328
535 546
535 197
535 841
535 483
535 332
535 810
535 360
407 1031
407 491
407 883
1031 862
1031 226
1031 45
1031 779
1031 232
1031 981
731 438
731 348
646 947
646 97
646 138
646 349
646 399
646 157
646 173
646 1000
841 967
841 807
841 638
841 546
841 843
841 332
841 810
841 328
841 987
841 258
841 162
841 483
915 147
915 465
915 3
918 863
918 1038
918 949
310 47
310 92
310 117
310 132
310 157
310 12
310 480
310 892
310 399
310 750
310 165
310 138
310 188
310 563
310 178
310 652
310 173
310 758
379 300
518 51
518 834
518 480
518 200
518 917
518 73
518 293
518 557
518 282
518 109
518 832
518 465
570 28
570 863
570 455
570 445
570 787
570 930
570 1014
570 368
570 179
570 291
791 703
791 832
791 4
791 263
51 373
51 293
51 75
51 272
51 110
51 409
51 91
51 997
51 178
373 188
373 392
373 235
544 159
544 884
544 873
544 331
293 435
293 594
293 586
293 837
293 283
734 927
734 456
734 1008
217 632
217 1013
217 120
217 98
217 489
217 426
217 889
217 269
217 517
928 665
928 1000
928 453
928 834
928 988
928 3
253 280
253 384
253 500
321 958
321 435
321 75
321 554
321 987
321 84
321 1021
483 807
483 197
483 288
483 843
483 332
483 810
483 496
483 328
483 1001
483 295
483 170
483 360
790 539
790 663
790 548
790 685
790 668
790 86
34 420
34 207
132 676
132 383
132 786
132 157
132 178
91 604
91 448
91 952
91 200
91 1033
91 349
91 906
91 643
91 900
91 923
542 826
542 516
542 171
542 330
542 884
542 327
542 868
542 369
542 292
390 428
390 784
390 359
390 478
390 356
856 226
856 461
856 959
856 954
856 682
856 103
856 243
176 967
176 546
176 288
176 157
176 169
176 417
295 638
295 328
295 987
295 170
554 200
554 578
554 110
554 499
554 758
554 582
554 435
75 108
75 92
75 815
75 107
75 1002
75 935
717 692
717 880
692 809
692 880
810 807
810 638
810 197
810 166
810 332
810 1001
810 376
810 987
810 258
272 108
272 289
272 23
272 98
332 967
332 807
332 638
332 197
332 546
332 328
332 376
332 170
332 987
308 2
308 464
308 827
308 112
668 920
668 777
668 526
668 201
668 223
668 442
668 86
668 663
920 318
920 763
920 329
356 290
356 493
356 964
356 478
65 448
65 521
65 1035
65 346
65 349
65 505
188 157
188 729
188 575
188 665
188 349
188 988
188 165
188 1036
188 173
188 1000
688 479
688 159
688 27
479 933
479 127
479 173
479 392
28 899
28 599
28 279
28 55
28 26
28 510
28 301
28 563
28 831
28 462
28 866
28 896
28 788
1030 538
1030 992
1030 949
1030 115
1030 445
110 77
110 1027
110 817
110 499
110 899
880 809
880 395
159 417
868 826
868 516
868 327
868 884
868 330
868 171
120 632
120 269
120 1013
120 579
221 1029
221 610
221 949
427 74
427 133
427 136
427 533
364 912
364 297
364 109
364 267
912 297
912 109
912 267
125 69
125 362
125 952
125 157
125 652
193 335
193 21
193 747
517 952
517 632
517 1013
517 614
517 674
517 984
517 933
777 86
777 539
777 548
777 1005
777 1012
777 973
777 8
777 919
777 296
777 46
777 526
777 857
777 1010
777 440
1013 889
426 489
426 889
74 136
74 749
74 41
74 162
967 258
967 627
967 197
967 162
967 288
967 179
133 480
133 925
133 902
133 844
133 82
133 750
899 563
899 614
899 26
899 599
899 822
899 292
604 537
604 587
604 500
604 907
604 522
604 369
604 906
604 399
537 369
537 770
537 850
148 455
148 746
148 558
455 887
455 115
834 573
834 194
834 820
834 157
834 509
834 533
834 336
573 206
258 807
258 1027
258 197
258 166
258 288
258 178
258 1001
258 376
258 170
258 360
258 987
258 638
587 900
587 500
587 178
456 601
456 997
297 305
297 96
297 109
297 655
136 749
136 41
136 292
136 753
136 781
136 543
908 235
908 146
908 422
908 976
235 77
235 596
235 333
146 107
146 328
146 893
146 248
409 462
409 536
409 773
409 236
147 393
147 678
147 204
147 245
147 793
147 887
147 847
147 822
147 713
147 746
627 323
627 987
627 638
627 546
599 179
599 333
599 787
599 55
599 155
599 896
599 462
599 866
563 468
563 47
563 26
563 510
563 325
563 178
563 750
563 157
563 173
563 758
194 118
194 623
194 774
194 575
194 636
194 1000
157 530
157 979
157 797
157 325
157 758
279 638
279 772
279 597
279 635
124 511
124 416
124 369
124 666
124 641
511 588
511 894
511 666
511 844
511 641
511 416
511 603
86 685
86 223
86 562
86 1005
86 695
86 548
86 237
86 663
729 988
729 990
539 771
539 607
539 237
539 234
539 8
539 959
539 919
539 904
539 46
539 250
539 401
539 526
539 870
539 4
820 800
820 903
820 42
820 959
820 361
548 589
548 250
548 1001
548 234
548 973
548 487
548 581
416 69
416 641
416 907
863 445
863 273
863 558
445 1038
445 1014
701 121
701 960
701 712
701 461
1005 589
1005 223
1005 919
1005 250
1005 581
1005 8
1005 663
1005 234
1005 695
1028 366
1028 97
1028 460
1028 835
1028 656
1028 500
55 955
55 179
55 866
55 510
55 787
55 376
55 462
55 896
21 679
21 173
500 648
500 710
500 590
500 420
500 326
500 384
500 1000
26 594
197 807
197 1027
197 638
197 496
197 1001
197 843
197 328
197 170
510 648
510 866
510 462
510 607
510 788
510 198
480 129
480 60
480 178
480 898
480 362
480 47
109 267
109 998
109 143
109 96
109 952
685 663
685 581
685 1001
685 494
685 695
685 442
685 8
685 526
685 551
663 562
663 857
663 526
663 919
663 442
663 589
581 237
581 562
581 903
581 973
581 46
581 353
581 3
581 242
581 442
1012 722
1012 440
1012 695
1012 8
1012 898
1012 1010
575 230
575 533
575 586
162 843
162 328
162 170
162 262
162 360
468 494
468 121
468 185
468 333
468 712
494 904
526 509
526 401
526 1010
526 440
526 201
712 212
712 1014
712 461
712 959
712 243
121 244
121 32
121 983
121 812
121 590
201 119
201 919
201 514
201 237
201 603
201 993
907 826
907 997
907 108
907 129
907 48
907 171
907 691
907 178
1001 1027
1001 546
1001 223
1001 843
1001 1010
1001 973
1001 170
812 59
812 743
812 32
27 165
27 499
27 204
27 275
27 107
27 435
27 832
476 543
476 303
476 620
476 11
543 382
543 429
543 620
543 11
543 303
303 382
303 620
303 11
303 655
223 234
223 440
223 973
223 695
223 46
223 250
223 401
223 551
223 847
301 645
301 711
509 562
509 914
509 1010
509 329
509 3
509 973
509 695
973 237
973 722
973 250
973 893
973 234
973 208
973 353
236 771
236 243
236 966
236 631
236 103
236 219
236 727
236 106
236 983
185 707
522 108
8 250
8 442
8 440
8 42
8 695
8 46
533 4
533 230
533 401
533 463
533 415
533 14
533 417
533 178
811 800
811 719
811 728
811 708
811 881
811 441
811 1026
811 482
800 362
800 138
800 808
800 1014
800 708
800 881
800 1026
800 482
800 461
800 1000
719 728
719 452
719 336
719 881
719 441
719 482
719 401
719 1026
728 708
728 881
728 336
728 1026
728 441
728 482
728 401
831 700
831 594
831 259
831 947
831 842
831 758
831 590
831 12
919 393
919 440
919 695
919 1010
919 924
273 111
296 357
296 690
296 551
296 1010
296 4
359 2
359 607
359 290
359 329
359 13
359 982
359 595
359 583
77 165
77 499
77 269
77 596
77 582
77 362
77 997
77 652
165 513
165 349
165 758
165 1022
165 711
165 764
165 652
826 840
826 48
288 1027
288 638
288 546
288 843
288 328
288 987
179 638
179 161
179 328
179 170
722 219
695 589
695 771
695 921
695 562
695 440
695 234
695 857
695 46
695 103
695 244
442 243
442 234
442 787
442 266
588 894
129 369
129 473
129 371
129 275
129 557
369 914
369 850
369 61
369 666
369 643
422 957
422 1004
422 329
422 903
422 578
499 107
499 92
119 597
119 772
119 99
46 589
46 771
46 250
46 361
46 234
46 551
558 278
558 111
558 613
269 215
269 98
269 489
269 180
269 107
269 84
906 578
906 137
906 844
906 43
906 603
382 713
382 924
382 61
336 925
336 43
336 709
336 833
336 735
336 441
336 482
336 881
662 40
966 243
966 226
966 519
966 116
982 784
982 876
60 979
60 275
60 47
981 127
981 245
665 733
665 242
665 396
665 983
665 116
665 1036
665 282
665 682
665 487
665 207
665 715
665 917
665 493
665 244
665 331
665 971
448 505
448 958
448 521
448 666
448 492
505 521
715 602
715 788
715 971
715 808
715 116
666 833
666 191
666 709
666 821
666 735
666 465
596 572
596 821
596 439
596 69
596 892
596 327
596 349
596 143
583 290
583 876
583 964
700 855
700 530
700 371
700 323
700 184
700 326
857 514
876 2
876 252
876 290
876 850
876 410
876 493
876 464
876 735
876 59
876 465
576 366
576 824
576 922
576 628
884 516
884 330
958 521
958 875
958 557
958 1021
958 658
1010 245
1010 551
1010 5
620 11
631 290
631 478
708 1026
708 881
708 441
713 594
713 222
713 992
713 73
713 23
241 670
241 388
241 656
178 842
178 984
178 143
178 997
670 366
670 808
670 353
383 190
383 983
551 513
551 771
551 250
551 361
551 401
551 353
894 925
894 384
894 450
894 439
594 568
594 169
594 271
898 513
898 762
898 371
898 169
898 323
898 325
881 1026
881 441
881 482
441 1026
441 482
1026 482
582 2
582 788
582 766
582 893
582 384
582 926
482 401
451 478
284 1036
284 305
478 888
1036 952
1036 998
1036 305
1036 797
1036 45
1036 603
1036 971
635 460
635 487
635 772
635 435
635 597
952 107
952 998
952 643
952 262
952 900
572 832
572 764
48 143
222 59
222 601
0 349
349 602
349 530
349 198
991 929
991 106
991 202
929 990
929 450
992 1038
992 368
215 711
215 263
106 602
106 243
106 59
106 103
106 612
106 150
106 282
106 971
1027 807
1027 843
1027 262
1027 266
1027 376
1027 170
1027 987
638 807
638 496
638 843
638 546
496 546
496 843
496 266
993 614
993 889
993 43
993 98
450 70
450 990
990 513
328 807
328 166
328 23
328 266
328 376
807 843
807 266
170 266
290 784
290 39
290 964
290 103
290 99
290 727
290 976
346 814
357 691
357 1033
357 1
357 577
357 33
357 247
362 169
362 680
362 590
45 862
45 438
226 634
226 610
226 266
832 925
388 562
388 737
388 353
843 262
843 360
910 538
743 960
743 793
743 892
536 847
536 763
536 808
536 682
847 960
138 1009
138 331
138 473
138 405
107 417
107 815
107 711
73 998
73 733
1014 1000
1014 283
1014 971
690 492
289 676
764 921
764 1022
764 391
764 758
808 70
808 4
808 361
808 682
808 735
602 453
602 634
825 2
4 492
914 782
914 628
914 137
914 439
914 960
2 827
2 766
2 788
2 893
2 464
947 652
947 1017
947 842
947 603
947 797
947 12
652 1022
652 69
652 821
652 198
998 737
850 118
850 932
850 13
850 99
850 641
711 988
711 259
711 658
711 513
904 600
98 486
733 212
733 795
733 870
733 682
733 634
368 610
368 949
166 923
166 161
150 56
855 656
643 814
643 900
643 127
643 614
262 360
262 320
262 987
262 122
250 589
250 234
250 440
250 801
703 486
601 435
601 770
601 749
950 283
950 817
950 320
950 938
950 718
950 348
844 435
278 613
278 667
530 280
530 623
862 438
862 986
862 265
862 817
827 464
827 595
300 248
32 959
32 763
32 36
32 461
32 682
115 949
589 361
589 771
589 921
589 242
371 737
371 323
371 326
1009 957
1009 955
1009 1017
1009 566
1009 232
957 955
957 405
957 566
957 892
248 103
248 892
774 200
774 12
1017 976
1017 366
1017 835
1017 493
1017 1022
1017 566
438 360
842 753
842 144
842 603
842 590
842 12
766 597
766 893
766 788
190 202
190 498
190 212
190 905
513 772
376 987
376 360
376 275
61 674
61 779
61 347
61 987
61 600
61 504
771 607
771 244
771 959
771 242
771 461
788 787
788 866
788 154
788 207
788 896
788 893
949 667
116 917
116 519
116 922
116 353
202 56
202 498
202 334
986 883
461 959
461 103
461 243
212 682
212 873
212 103
212 727
893 926
893 318
893 198
923 200
923 435
923 112
987 360
242 353
613 930
955 156
955 122
955 1004
955 1022
955 232
1021 557
1021 658
597 39
597 772
597 399
762 173
173 252
173 118
173 256
1004 122
1004 62
1004 82
1004 195
323 326
184 579
184 386
184 735
39 888
39 252
329 590
329 641
329 244
772 259
879 144
997 645
353 824
395 794
395 6
395 14
903 237
903 361
903 42
566 493
566 232
676 629
676 5
676 343
676 936
676 352
676 122
676 415
493 976
493 726
493 905
727 645
727 682
727 366
265 707
361 516
361 954
361 42
232 873
232 892
244 917
244 527
244 954
244 634
726 917
180 984
821 932
821 302
821 1018
821 280
196 249
196 113
196 1033
249 691
249 1033
629 313
629 607
629 523
498 334
498 900
161 463
439 169
69 313
69 935
69 143
69 758
892 873
113 691
113 1
933 674
933 875
933 429
674 347
674 664
674 504
1033 691
1033 247
1033 577
97 47
97 948
97 656
97 830
417 283
875 658
875 557
875 122
283 350
283 837
283 167
516 171
516 330
516 961
171 327
171 330
171 320
366 835
366 824
330 961
330 603
632 489
429 749
429 614
313 92
313 758
92 256
92 901
92 607
156 463
867 614
867 504
614 735
614 386
614 127
782 352
930 291
930 610
489 889
610 887
883 491
883 134
883 70
634 562
634 959
634 243
607 784
607 523
889 259
504 747
504 312
603 833
603 312
243 824
243 103
925 200
200 797
200 12
824 801
824 325
824 519
824 195
824 983
144 794
623 752
292 664
292 683
292 1020
292 781
292 747
122 62
758 680
837 348
837 983
664 781
1022 103
679 836
679 936
393 199
393 460
781 1020
224 814
224 527
486 965
347 888
348 228
348 167
47 901
47 392
47 333
47 590
47 12
645 787
645 988
645 465
392 628
465 756
835 460
835 656
562 710
208 795
784 1000
901 965
756 1000
648 710
648 415
959 735
787 531
787 896
683 752
683 1020
752 155
752 245
866 531
866 462
651 127
651 206
651 191
935 815
935 797
815 1002
154 737
154 452
154 84
523 460
207 971
207 795
207 707
384 1000
797 259
797 590
590 948
590 12
590 971
896 462
460 680
460 656
487 199
43 386
773 948
773 1000
773 1040
312 747
730 519
219 36
435 350
435 586
309 941
309 747
291 62
747 836
747 595
396 779
396 953
396 682
396 600
557 658
779 117
983 318
983 922
953 970
953 331
237 446
428 331
234 318
82 932
82 770
82 962
600 836
527 801
527 325
401 440
302 355
302 191
350 586
350 965
962 770
926 1042
926 198
112 1008
452 1000
809 6
809 14
814 830
13 932
905 318
12 869
12 325
721 568
595 264
795 954
453 801
833 593
833 984
833 699
735 970
830 391
117 1040
794 14
794 1040
794 6
14 1042
14 311
14 84
331 325
70 333
691 247
593 228
593 984
593 699
984 228
984 699
984 143
514 1008
699 228
936 501
750 415
33 1
33 577
410 873
410 405
355 786
817 167
817 938
305 655
656 318
343 538
343 40
311 463
463 1018
463 320
228 320
1002 434
167 320
